10	50
16.4482	110.905
33.8723	85.0263
54.6263	62.7172
44.2372	121.582
54.3975	156
35.4348	99.1979
75.5058	154.12
73.2836	141.636
73.3763	123.984
1.24865	87.1421
5.36783
4.7732
5.75752
7.97837
5.4954
1.61903
2.02142
9.90159
14.8716
15.4409
15.311
11.3916
9.8899
6.3265
14.1893
2.93365
13.036
0.0367883
0.51186
13.771
7.97569
4.17326
5.46065
10.1513
6.13873
12.7758
12.5709
6.94435
6.68063
0.786008
7.69613
12.1664
0.894994
0.911836
3.54416
10.9072
14.3831
12.957
1.65361
4.43254
13.8512
2.05541
4.389
3.20341
5.69323
7.41196
9.9818
5.13475
15.3365
9.8843
0.422908	0.779533	0.096863	0.875965	0.750555	0.537223	0.418044	0.457191	0.591	0.146611	0.6086	1.01651	0.459294	0.713209	0.731326	1.038	0.819498	0.830008	0.703288	0.868414	0.762434	0.726381	0.126336	0.879313	0.941502	0.578914	1.11369	0.448346	0.295604	0.550453	0.566557	0.491096	0.435743	0.410583	0.762487	0.256826	0.828279	0.689583	1.06526	0.893099	0.577614	0.540023	0.602761	0.0809349	0.504426	0.771912	0.678442	0.29281	0.533342	0.931682	
0.231778	0.567263	0.541678	0.532841	0.299176	0.174343	0.23473	0.560247	0.278611	0.545284	0.0767035	0.447933	0.260056	0.155681	0.0958472	0.450469	0.265616	0.696437	0.202172	0.250733	0.231851	0.0882588	0.551105	0.271777	0.536138	0.0675265	0.588341	0.518843	0.636206	0.258599	0.345728	0.278342	0.280386	0.293034	0.189252	0.381334	0.20711	0.423491	0.455849	0.387263	0.129573	0.265701	0.650527	0.590111	0.271474	0.149811	0.345345	0.347218	0.358018	0.312873	
0.572237	0.0723692	0.781813	0.1395	0.916092	0.490899	0.577289	0.417057	0.362627	0.705003	0.685	0.497075	0.484202	0.767234	0.655593	0.545839	0.446084	0.12583	0.425781	0.780414	0.840085	0.628565	0.857616	0.545772	0.22426	0.646726	0.462955	0.410955	0.613328	0.84114	0.329341	0.436512	0.794504	0.788383	0.487092	0.698398	0.747076	0.204726	0.61468	0.365718	0.507719	0.405261	0.325527	0.770906	0.831076	0.713041	0.957219	0.661555	0.926664	0.817781	
0.311579	0.198661	0.557042	0.239621	0.675774	0.231816	0.316795	0.291838	0.10375	0.49596	0.437131	0.448535	0.224957	0.532973	0.435817	0.487146	0.299267	0.320437	0.219243	0.581768	0.608658	0.410191	0.622073	0.401873	0.302896	0.395346	0.49999	0.261582	0.462799	0.582796	0.0748223	0.177559	0.532719	0.526738	0.300921	0.450391	0.542376	0.0583646	0.541201	0.300151	0.255865	0.143479	0.310236	0.561828	0.570542	0.497639	0.705107	0.410969	0.665932	0.630914	
0.1358	0.563103	0.434943	0.558623	0.331474	0.133578	0.137384	0.492444	0.261307	0.441801	0.0981851	0.534351	0.189879	0.217973	0.20064	0.542717	0.340665	0.683728	0.248141	0.347822	0.289374	0.195158	0.445151	0.367812	0.57864	0.0540582	0.665162	0.451373	0.545001	0.219085	0.314316	0.222817	0.198274	0.204636	0.267512	0.27454	0.305149	0.418667	0.554769	0.451864	0.117882	0.229157	0.600367	0.484509	0.213706	0.247251	0.342123	0.241171	0.308788	0.411209	
0.215861	0.67218	0.138326	0.734028	0.530277	0.336018	0.210208	0.425711	0.421475	0.187061	0.37809	0.814848	0.279786	0.482906	0.502886	0.831026	0.615986	0.755381	0.503798	0.637697	0.534498	0.499611	0.143602	0.664055	0.784574	0.349958	0.926974	0.397548	0.358296	0.333058	0.421645	0.323001	0.216431	0.191261	0.552022	0.0457393	0.59774	0.553152	0.851585	0.705091	0.368135	0.368277	0.574112	0.201721	0.288547	0.541635	0.471575	0.0867657	0.339892	0.700934	
0.24523	0.310521	0.399645	0.403636	0.687329	0.240732	0.248125	0.148473	0.179047	0.328253	0.449561	0.611331	0.166542	0.564436	0.497888	0.64569	0.439168	0.388259	0.332874	0.655805	0.639563	0.476986	0.474971	0.531964	0.475324	0.403087	0.674068	0.108342	0.290568	0.548602	0.116741	0.13693	0.468131	0.454536	0.415569	0.324169	0.612812	0.21847	0.692919	0.467282	0.287763	0.1577	0.245843	0.394668	0.523448	0.559287	0.687902	0.292031	0.612875	0.713252	
0.192844	0.319305	0.469143	0.346974	0.568846	0.11452	0.198293	0.304599	0.0327533	0.423069	0.327705	0.472044	0.110889	0.432749	0.350814	0.501815	0.288179	0.436154	0.177186	0.506168	0.509007	0.327877	0.524023	0.376565	0.39448	0.283495	0.556131	0.265236	0.434737	0.463605	0.0684555	0.068326	0.411563	0.405947	0.258859	0.344711	0.464032	0.178629	0.543818	0.337573	0.14868	0.0230023	0.374749	0.486017	0.449895	0.413183	0.589827	0.303507	0.545121	0.561467	
0.306936	0.199135	0.541994	0.253967	0.683751	0.234767	0.311961	0.269905	0.10938	0.478789	0.443932	0.470462	0.218903	0.542694	0.448563	0.508994	0.319696	0.315402	0.236172	0.59652	0.618654	0.423317	0.608908	0.421732	0.320699	0.401176	0.521061	0.239802	0.441724	0.584819	0.0645079	0.17121	0.530634	0.523643	0.318772	0.439698	0.556597	0.0683008	0.562796	0.322072	0.262583	0.142243	0.29109	0.54486	0.570887	0.510682	0.709731	0.400982	0.665949	0.646686	
0.358177	0.147716	0.58365	0.215604	0.729864	0.284668	0.363161	0.279737	0.157351	0.516022	0.49121	0.470005	0.269893	0.586772	0.48816	0.511545	0.337186	0.266455	0.267504	0.632042	0.662355	0.462271	0.653505	0.441537	0.290635	0.449282	0.505079	0.255591	0.46305	0.635311	0.114987	0.222216	0.582053	0.575039	0.34688	0.487474	0.593288	0.035429	0.569474	0.319896	0.309902	0.193445	0.273167	0.582399	0.621955	0.549693	0.758789	0.449458	0.71711	0.679772	
