10	30
55.6927	151.036
129.744	62.9561
76.4341	72.3387
113.771	96.6499
66.1915	122.737
128.48	154.469
70.0913	23.8753
20.4762	96.7541
178.517	79.0612
110.784	158.17
21.5253
17.6263
30.2881
1.90509
14.2475
21.2205
9.42829
14.865
30.7568
4.69733
30.026
23.276
1.2711
28.2899
29.6257
31.106
23.8511
22.081
0.397253
25.4019
23.5252
19.0994
6.53264
5.75813
5.86588
2.00524
15.027
18.0908
1.34071
29.8918
0.502848	0.103619	0.420425	0.818691	0.199274	0.341618	0.551561	0.862477	0.389887	0.779891	0.0337453	0.519113	0.361017	0.0736015	0.594815	0.322645	0.841595	0.283252	0.660672	0.864033	0.306793	0.211808	0.54529	0.573816	0.586503	0.0387674	0.467078	0.818524	0.139096	0.479503	
0.378	0.795598	0.463719	0.0988705	0.921351	0.576988	0.846006	0.865027	0.595981	0.399973	0.883056	0.448159	1.14306	0.929856	0.998953	0.599885	0.715701	0.611069	0.546994	0.659343	0.624395	0.870846	0.337491	0.548633	0.292625	0.841793	0.440169	0.11324	0.842622	0.941521	
0.18517	0.481998	0.172844	0.339293	0.582381	0.367482	0.508237	0.60887	0.245564	0.247877	0.574121	0.357678	0.799823	0.641175	0.657891	0.265684	0.489083	0.363652	0.266778	0.461489	0.28808	0.63507	0.108102	0.226888	0.140433	0.545496	0.111458	0.259896	0.583344	0.592287	
0.0367155	0.392521	0.0777571	0.349517	0.534361	0.197714	0.583792	0.751645	0.269029	0.424756	0.477691	0.194186	0.758043	0.52393	0.718717	0.226973	0.648139	0.211511	0.420275	0.629032	0.251361	0.483117	0.0856573	0.356539	0.115192	0.435269	0.121165	0.355096	0.443545	0.63063	
0.811039	0.502059	0.6969	1.08528	0.338799	0.772048	0.290776	0.563446	0.515255	0.798889	0.503929	0.923799	0.291011	0.586571	0.16865	0.549331	0.644447	0.704954	0.614244	0.705556	0.526188	0.74943	0.797485	0.570153	0.850026	0.555426	0.681686	0.99948	0.674874	0.160805	
0.765867	0.427318	0.65208	1.05292	0.257647	0.707974	0.314155	0.616372	0.481332	0.800474	0.42092	0.866667	0.208757	0.500298	0.228125	0.502196	0.680144	0.640184	0.619552	0.736053	0.477908	0.665901	0.760437	0.564578	0.812902	0.474583	0.645545	0.979398	0.592774	0.170134	
0.357297	0.332499	0.251923	0.604149	0.361055	0.413011	0.259585	0.471828	0.0672827	0.371468	0.416975	0.507662	0.559529	0.508406	0.399623	0.155284	0.415772	0.365301	0.226414	0.430566	0.152393	0.57537	0.324517	0.141463	0.375949	0.415565	0.211488	0.520156	0.502605	0.325632	
0.870426	0.477136	0.760257	1.17338	0.305842	0.774131	0.488148	0.789759	0.611773	0.960071	0.435874	0.945249	0.109525	0.48717	0.397194	0.612156	0.854833	0.707001	0.783299	0.909801	0.58714	0.662454	0.878341	0.721524	0.929657	0.495957	0.767504	1.11679	0.600475	0.343945	
0.53918	0.349167	0.42712	0.798605	0.276624	0.545328	0.119805	0.436604	0.235804	0.524705	0.40336	0.672488	0.418278	0.502694	0.216923	0.291031	0.448605	0.484401	0.346376	0.491584	0.272496	0.621627	0.515749	0.288126	0.567868	0.429501	0.400545	0.71051	0.542652	0.131162	
0.43676	0.390719	0.335009	0.663788	0.383604	0.497934	0.184624	0.391505	0.152129	0.372246	0.467901	0.591445	0.559585	0.563805	0.333347	0.237909	0.351392	0.448682	0.199419	0.377172	0.23153	0.646502	0.396558	0.134581	0.44626	0.475324	0.288177	0.563538	0.57134	0.277472	
