10	50
9.51635	29.9583
61.4205	38.4693
28.9464	81.6116
10.6565	87.2971
49.807	27.3642
0.457157	19.2173
64.9437	91.245
41.653	146.232
17.5681	62.0125
15.6484	109.262
10.1323
9.93616
1.65844
2.6707
10.7637
5.61834
9.98087
11.3089
10.2042
9.13014
11.7818
1.07967
10.2504
8.24836
6.32887
6.32111
4.12593
9.07231
5.56656
9.63073
8.90822
9.60822
3.32849
11.4362
3.75312
2.52393
5.43968
5.58728
4.32192
2.88854
12.0974
10.8264
0.995883
2.96544
0.925103
1.80503
4.02604
4.0967
10.9309
10.0606
5.91051
2.61753
9.01845
8.92805
11.7873
10.5583
5.0624
4.62925
9.88888
7.59959
0.758727	0.494099	0.382459	0.450903	0.570705	0.459601	0.720133	0.216	0.180515	0.481441	0.227768	0.396414	0.446928	0.589417	0.412709	0.260519	0.145961	0.175168	0.763281	0.916182	0.988395	0.473028	0.457116	0.586266	0.832081	0.340851	0.938687	0.683913	0.813084	0.26198	0.711586	0.36481	0.491396	0.754062	0.182748	0.78815	0.559045	0.832197	0.912264	0.748027	0.516515	0.218088	1.00547	0.851083	0.425305	0.557184	0.706557	0.421764	0.657056	0.831616	
0.455197	0.206747	0.616001	0.680705	0.62191	0.769114	0.781295	0.211697	0.212775	0.739897	0.556244	0.637551	0.711694	0.543084	0.723599	0.461781	0.234521	0.205834	0.45462	0.847594	0.940158	0.404643	0.399426	0.665755	0.813985	0.164729	0.875078	0.71379	0.515116	0.477839	0.405228	0.607594	0.470165	0.805472	0.215278	0.81421	0.250271	0.926132	0.868389	0.522707	0.724124	0.541418	1.05274	0.653223	0.378993	0.282089	0.754858	0.666235	0.9078	0.55656	
0.453265	0.189103	0.545064	0.60862	0.546825	0.706494	0.706709	0.142813	0.211442	0.669931	0.501585	0.567019	0.642751	0.474304	0.661782	0.391445	0.222725	0.15015	0.455545	0.785811	0.8764	0.334869	0.328316	0.589928	0.745679	0.0941511	0.812849	0.640558	0.510967	0.408338	0.404228	0.537688	0.397535	0.731526	0.215431	0.741974	0.247856	0.850702	0.803503	0.489768	0.650083	0.485801	0.98018	0.614631	0.306173	0.261437	0.680796	0.595646	0.835841	0.542378	
0.197033	0.436874	0.936612	0.968187	0.689841	1.15168	0.766233	0.696541	0.83636	1.04714	1.02337	0.958539	1.03773	0.527265	1.11918	0.833631	0.846788	0.739479	0.205663	0.564005	0.654966	0.521127	0.537455	0.746475	0.643286	0.573156	0.588054	0.685417	0.139704	0.853528	0.243409	0.943816	0.570841	0.761666	0.840217	0.722364	0.389288	0.902392	0.622281	0.194837	0.962074	1.00537	0.903698	0.218744	0.55959	0.363652	0.73271	0.979902	1.15377	0.0827172	
0.411707	0.458338	0.673495	0.686813	0.374676	0.889441	0.41949	0.58613	0.779975	0.764145	0.818562	0.692242	0.763265	0.231243	0.866017	0.615144	0.775612	0.63923	0.428727	0.239528	0.33894	0.311421	0.328084	0.424951	0.292252	0.50352	0.267529	0.342634	0.40013	0.632153	0.420418	0.686387	0.315656	0.411408	0.785008	0.369674	0.46225	0.550351	0.287246	0.204931	0.663004	0.801426	0.55849	0.141404	0.359642	0.397933	0.38701	0.707533	0.840805	0.333424	
0.317941	0.0616213	0.6284	0.686017	0.558575	0.809646	0.710386	0.25357	0.34344	0.754558	0.619612	0.651394	0.731126	0.449707	0.766969	0.481197	0.35777	0.277611	0.319639	0.730564	0.826506	0.32146	0.322116	0.609702	0.713553	0.13498	0.758706	0.63524	0.376447	0.500198	0.268552	0.62484	0.395908	0.729667	0.346948	0.728833	0.111768	0.860825	0.757962	0.378935	0.716459	0.602867	0.966372	0.51135	0.31161	0.136793	0.680642	0.679272	0.910639	0.412933	
0.832285	0.58843	0.169438	0.234174	0.438113	0.254204	0.562928	0.313355	0.392431	0.258373	0.0789325	0.178911	0.223816	0.515208	0.208452	0.124646	0.358655	0.309375	0.840963	0.816495	0.87214	0.442239	0.424685	0.433816	0.709507	0.430712	0.834476	0.548154	0.877923	0.108232	0.79134	0.149214	0.424191	0.599217	0.395805	0.644341	0.656857	0.650813	0.798403	0.764372	0.304172	0.0624713	0.838063	0.838702	0.397176	0.632522	0.557767	0.20185	0.433945	0.87641	
0.613815	0.682826	0.784707	0.779022	0.46213	0.988374	0.422398	0.786175	0.987012	0.849229	0.964345	0.799125	0.857367	0.379944	0.974185	0.764892	0.979091	0.839689	0.630364	0.0986245	0.158669	0.500624	0.514814	0.492563	0.23359	0.717477	0.106916	0.37662	0.589372	0.778733	0.63092	0.801693	0.477921	0.396769	0.992187	0.337223	0.686237	0.502506	0.158476	0.411554	0.736341	0.948591	0.431042	0.294958	0.546175	0.622418	0.400378	0.807475	0.882718	0.513327	
0.678506	0.490403	0.186206	0.216489	0.171942	0.403615	0.315303	0.322821	0.506577	0.294936	0.346025	0.206967	0.284817	0.25909	0.376944	0.154886	0.482165	0.360081	0.691063	0.547697	0.604743	0.235412	0.221072	0.181443	0.44279	0.370824	0.565693	0.28479	0.711282	0.16445	0.648121	0.1971	0.184211	0.349392	0.511595	0.386292	0.551335	0.434286	0.530377	0.558552	0.226704	0.330837	0.60087	0.605359	0.208219	0.503794	0.302647	0.227023	0.425016	0.68955	
0.389772	0.429075	0.659312	0.675288	0.367641	0.875989	0.423811	0.559279	0.752005	0.753178	0.798804	0.678575	0.751033	0.217488	0.851369	0.595603	0.748077	0.612236	0.406811	0.264781	0.364378	0.287589	0.304543	0.419948	0.307993	0.474928	0.293037	0.344632	0.381397	0.612999	0.396261	0.671536	0.296876	0.418217	0.757017	0.37976	0.433762	0.55906	0.309846	0.184016	0.654335	0.781525	0.576432	0.14099	0.335848	0.369157	0.390668	0.694775	0.835394	0.317684	
