15	30
173.024	71.8827
89.0813	119.552
29.7283	150.704
9.84571	53.3907
3.16836	12.5029
66.7444	15.7301
29.4609	125.145
155.201	35.6535
109.624	19.5499
24.8328	132.635
166.931	87.948
82.8758	42.1411
143.048	122.898
10.7165	81.3858
162.691	38.2351
25.1581
23.3439
31.7789
27.5601
12.1321
12.3828
29.2287
12.1118
23.4527
5.22913
1.89014
2.92958
14.1531
19.9852
21.2726
14.269
7.64594
21.4371
7.52868
31.0559
29.9752
32.7863
28.7775
25.8698
15.7938
3.32414
20.72
16.5198
18.5815
17.7833
0.250884	0.458138	0.64209	0.235878	0.690252	0.167381	0.678781	0.297397	0.171631	0.721837	0.471218	0.186952	0.353656	0.213635	0.279632	0.302739	0.367332	0.595582	0.365017	0.250641	0.348843	0.25808	0.236362	0.302397	0.615971	0.305204	0.499084	0.456252	0.320914	0.736102	
0.571981	0.153944	0.45328	0.258744	0.372092	0.484655	0.366674	0.567172	0.48537	0.408503	0.438451	0.134763	0.1186	0.15639	0.52432	0.0514688	0.686359	0.412536	0.0450336	0.196868	0.333749	0.356562	0.520464	0.101444	0.318788	0.545763	0.310061	0.475356	0.27352	0.454064	
0.0927994	0.630749	0.833063	0.420383	0.866842	0.0399687	0.871949	0.299966	0.027529	0.914643	0.63588	0.374979	0.515161	0.411353	0.16203	0.496192	0.231302	0.701326	0.553168	0.445257	0.419456	0.412402	0.0798252	0.467622	0.812107	0.343016	0.619234	0.474029	0.505864	0.933716	
1.05772	0.382776	0.485444	0.673422	0.178469	0.971365	0.148538	1.01877	0.972186	0.111178	0.698865	0.621202	0.503901	0.611559	0.995856	0.505586	1.16654	0.576984	0.442382	0.613425	0.724355	0.761657	1.00282	0.540596	0.237226	0.98284	0.54323	0.835427	0.628326	0.246626	
0.785688	0.460941	0.966658	0.748094	0.573009	0.701985	0.728347	0.929095	0.689656	0.750382	0.966104	0.550672	0.415156	0.641128	0.571223	0.581148	0.924037	0.174078	0.54584	0.701892	0.286565	0.830257	0.638262	0.441416	0.743175	0.939812	0.238867	0.232536	0.792732	0.876015	
0.90406	0.300856	0.313885	0.495863	0.229322	0.822578	0.0438295	0.842333	0.825611	0.0794971	0.509428	0.477193	0.406176	0.448154	0.874625	0.354339	1.0036	0.576007	0.306056	0.43952	0.645381	0.579465	0.869017	0.428631	0.0478733	0.802892	0.510761	0.774405	0.443687	0.13202	
0.314009	0.405866	0.699534	0.325406	0.642028	0.221165	0.66756	0.422211	0.214787	0.70882	0.569629	0.183394	0.287131	0.259278	0.223754	0.304451	0.448513	0.483531	0.346186	0.315589	0.220324	0.373083	0.22303	0.242263	0.61897	0.435279	0.394326	0.325012	0.402847	0.750817	
0.527481	0.576081	0.384446	0.191105	0.736359	0.494973	0.621436	0.340713	0.508613	0.660454	0.116872	0.38886	0.543947	0.298485	0.66055	0.382719	0.558141	0.841332	0.447358	0.240847	0.678841	0.129262	0.600812	0.504699	0.533136	0.282157	0.736904	0.810927	0.16348	0.589904	
0.791652	0.505508	1.00938	0.779047	0.620753	0.710678	0.775553	0.945421	0.697617	0.797884	1.00126	0.581293	0.45425	0.673442	0.569572	0.618574	0.929226	0.221827	0.586369	0.73506	0.305318	0.858596	0.640348	0.477529	0.789222	0.958986	0.283632	0.228449	0.826889	0.922671	
0.307442	0.661152	0.62109	0.268255	0.867529	0.306319	0.796043	0.0943364	0.322681	0.83845	0.36329	0.400675	0.585235	0.351731	0.496885	0.465468	0.313707	0.860163	0.53934	0.330725	0.629875	0.182699	0.421385	0.535236	0.714289	0.0418975	0.758518	0.736771	0.320626	0.798868	
0.605579	0.226958	0.705661	0.475628	0.423649	0.513363	0.524263	0.697286	0.505577	0.55649	0.689836	0.280562	0.144098	0.367139	0.451536	0.305896	0.741439	0.194615	0.278221	0.426727	0.135573	0.562255	0.489653	0.165181	0.514373	0.697216	0.101291	0.247353	0.516755	0.654042	
0.842499	0.140856	0.55495	0.540048	0.111196	0.750946	0.254452	0.858238	0.748295	0.273336	0.663577	0.415832	0.252845	0.445851	0.740758	0.332454	0.965848	0.304681	0.258708	0.475483	0.446988	0.638262	0.760814	0.300374	0.288956	0.836488	0.259269	0.551879	0.530594	0.408066	
0.650033	0.347283	0.836982	0.593951	0.511522	0.562434	0.637431	0.778428	0.551459	0.665987	0.816386	0.396241	0.275831	0.488067	0.455157	0.436064	0.788712	0.163331	0.409871	0.549703	0.139497	0.674894	0.512109	0.294093	0.636617	0.786737	0.144849	0.158456	0.6417	0.774801	
0.604492	0.129795	0.593391	0.392377	0.355633	0.511735	0.426327	0.656201	0.507388	0.461763	0.590514	0.211859	0.0347526	0.282855	0.49251	0.202632	0.73373	0.263732	0.166556	0.33678	0.220429	0.485546	0.513317	0.0774845	0.407765	0.646739	0.159439	0.351354	0.421665	0.548004	
0.735694	0.724528	0.350586	0.397472	0.835355	0.711848	0.680714	0.521964	0.726134	0.711705	0.164833	0.589621	0.72063	0.494421	0.881462	0.552799	0.745371	1.01531	0.603641	0.43143	0.884734	0.350412	0.820086	0.689261	0.593058	0.460137	0.913247	1.02108	0.338444	0.598143	
