10	20
83.3199	115.935
18.5424	41.4358
124.287	124.244
119.441	55.3945
22.3941	19.3898
7.35173	73.4604
88.9491	92.376
134.708	22.9272
26.1808	56.6733
145.154	65.2128
8.79199
0.298522
21.6541
12.1199
22.6382
9.0857
1.58778
18.2495
16.2154
3.00253
16.7077
19.2479
6.90781
12.3492
13.4705
7.7709
2.05902
16.8608
4.40408
8.9282
0.623487	0.514725	0.0459011	0.260517	0.434888	0.242821	0.708357	0.263461	0.275719	0.18773	0.613073	0.535753	0.569852	0.23025	0.478438	0.595447	0.426598	0.461188	0.197544	0.465166	
1.11096	0.133778	0.511817	0.678854	0.271858	0.688679	1.20031	0.733895	0.397248	0.313847	0.794387	1.00044	0.887328	0.483565	0.644803	0.106364	0.843837	0.92924	0.689905	0.218009	
0.13587	0.996724	0.478354	0.429711	0.880246	0.386176	0.211324	0.277716	0.681861	0.677937	0.818344	0.288952	0.633408	0.585025	0.760533	1.09083	0.412574	0.17458	0.3013	0.947833	
0.83874	0.468912	0.301388	0.318071	0.479449	0.341743	0.904173	0.512009	0.41963	0.244027	0.452029	0.645044	0.507676	0.431275	0.298157	0.485791	0.4709	0.703882	0.41595	0.252778	
0.766477	0.357448	0.168407	0.39715	0.287758	0.389577	0.857943	0.389901	0.177599	0.0312388	0.678064	0.691244	0.681286	0.197275	0.528647	0.444249	0.568187	0.586724	0.350304	0.365601	
0.364575	0.746064	0.237311	0.323952	0.627348	0.276167	0.462572	0.0346638	0.429548	0.433366	0.749409	0.410202	0.623259	0.334256	0.649549	0.845765	0.411923	0.195946	0.10493	0.731692	
0.750907	0.35873	0.183463	0.455252	0.246164	0.438894	0.851178	0.368694	0.0868973	0.102645	0.766966	0.72447	0.755466	0.112071	0.619493	0.469391	0.622645	0.556516	0.360894	0.442911	
0.315242	0.855184	0.407012	0.531483	0.709371	0.483071	0.43667	0.193866	0.5117	0.578203	0.956918	0.542202	0.817835	0.41218	0.859126	0.97355	0.597948	0.108125	0.31449	0.905931	
0.389256	0.765881	0.244328	0.207642	0.670382	0.158883	0.460934	0.157969	0.484497	0.439816	0.631424	0.310997	0.496654	0.401393	0.542626	0.84817	0.285568	0.282277	0.0644339	0.692025	
0.925331	0.587681	0.448907	0.364619	0.627507	0.404158	0.973627	0.638051	0.583349	0.406933	0.317167	0.669063	0.434943	0.594074	0.16795	0.5696	0.474233	0.818508	0.52659	0.284659	
