10	40
62.0196	130.077
4.12012	76.2318
121.816	113.151
125.3	34.3863
16.7983	139.422
117.404	139.543
83.8817	18.3004
45.0247	51.3335
132.856	120.05
21.972	47.9026
5.90368
6.78372
16.9889
1.58243
11.4516
18.2053
11.5415
16.214
3.96097
6.05766
19.8802
10.3615
6.18229
2.21968
12.1262
4.8979
7.37537
13.285
16.9407
19.6131
5.54051
18.4188
3.41579
7.14947
9.21945
14.4322
10.8165
13.2857
16.5202
10.8718
4.16552
15.5034
16.1475
19.844
14.0564
11.9879
9.67368
14.5554
3.74049
4.28227
0.689972	0.641206	0.259348	0.345905	0.20997	0.406728	0.15872	0.670144	0.280716	0.402152	0.0961599	0.665843	0.293113	0.361137	0.373034	0.271264	0.758726	0.463785	0.269656	0.533552	0.803366	0.327635	0.386999	0.325056	0.12593	0.8201	0.446932	0.234517	0.225994	0.241758	0.106108	0.154481	0.352931	0.537454	0.863041	0.651793	0.382299	0.0684591	0.215306	0.280047	
0.448924	0.84272	0.0801253	0.175656	0.10432	0.582403	0.438493	0.540843	0.449313	0.138278	0.384112	0.620649	0.238297	0.073962	0.239183	0.0576128	0.521557	0.298571	0.272241	0.554882	0.830219	0.641462	0.248015	0.0669075	0.43963	0.61817	0.540969	0.169676	0.309253	0.431267	0.318187	0.25945	0.258964	0.55599	0.634247	0.793966	0.434407	0.312788	0.163094	0.594292	
0.4369	0.787615	0.102444	0.221634	0.0848292	0.527215	0.396092	0.502722	0.395187	0.194763	0.364048	0.572114	0.18235	0.130614	0.283781	0.0824778	0.509195	0.260793	0.295153	0.500422	0.777146	0.608309	0.293935	0.118701	0.410825	0.596642	0.484325	0.113685	0.320954	0.378888	0.273729	0.20949	0.298322	0.501692	0.620407	0.737338	0.377946	0.273172	0.176266	0.563701	
0.720177	0.569352	0.330007	0.422688	0.274345	0.344734	0.082395	0.671785	0.229771	0.474901	0.122054	0.646896	0.309091	0.430252	0.450605	0.339605	0.78632	0.484623	0.345024	0.503877	0.763683	0.267875	0.464569	0.395456	0.0911045	0.836549	0.403569	0.269438	0.296657	0.188664	0.0926884	0.167106	0.430177	0.508279	0.886324	0.590341	0.355349	0.0713502	0.291908	0.227079	
0.219681	0.725422	0.526789	0.636589	0.491541	0.522827	0.610253	0.07968	0.472021	0.573196	0.700586	0.22194	0.311898	0.516545	0.700267	0.506224	0.24513	0.163628	0.71728	0.287049	0.465277	0.84329	0.708398	0.526698	0.703003	0.235252	0.390213	0.385565	0.732794	0.494978	0.519616	0.451338	0.720059	0.283183	0.306453	0.595859	0.320697	0.548907	0.596047	0.820776	
0.820103	0.916663	0.292162	0.253932	0.311516	0.68992	0.428533	0.877744	0.563629	0.35496	0.240247	0.911973	0.506068	0.361283	0.225368	0.314963	0.892745	0.641668	0.105151	0.797616	1.07472	0.494174	0.23388	0.328001	0.323539	0.984218	0.724902	0.421895	0.0701743	0.525186	0.384532	0.403483	0.184962	0.800849	1.00514	0.935243	0.648031	0.348373	0.211547	0.437797	
0.572069	0.449339	0.394164	0.520871	0.325783	0.188952	0.205883	0.460989	0.0667603	0.527893	0.354514	0.412175	0.185519	0.466307	0.570347	0.389334	0.627765	0.330884	0.506969	0.266433	0.531958	0.430834	0.583636	0.444784	0.322816	0.649339	0.177765	0.224805	0.482475	0.0803023	0.16539	0.155289	0.565484	0.270808	0.71325	0.409956	0.119001	0.202998	0.407087	0.413831	
1.16453	0.536574	0.797784	0.867437	0.747883	0.526689	0.429322	1.05098	0.539976	0.937474	0.492	0.959268	0.752724	0.899923	0.876647	0.810293	1.22392	0.921706	0.746967	0.797363	0.961685	0.212276	0.889465	0.863357	0.417652	1.24711	0.664674	0.73624	0.679182	0.518598	0.550467	0.626089	0.844971	0.802873	1.31187	0.671722	0.695514	0.544004	0.743182	0.265141	
0.552827	0.657617	0.179265	0.30017	0.111818	0.401486	0.233931	0.547292	0.264462	0.322869	0.229872	0.565834	0.166857	0.268201	0.347225	0.180485	0.621821	0.329872	0.28931	0.453351	0.732847	0.448653	0.360649	0.238752	0.258133	0.686473	0.396126	0.0977677	0.277436	0.238109	0.112881	0.0684183	0.342071	0.456282	0.7269	0.633061	0.306734	0.111085	0.183657	0.406661	
0.668087	0.568128	0.298246	0.401639	0.237517	0.32953	0.101639	0.621313	0.203171	0.444397	0.156519	0.602272	0.256672	0.395541	0.43596	0.305127	0.734029	0.432203	0.342138	0.463727	0.729563	0.315904	0.449962	0.362525	0.142628	0.784318	0.371379	0.21917	0.302581	0.164046	0.0409471	0.11481	0.419828	0.467888	0.833903	0.574294	0.313349	0.0253685	0.271837	0.2777	
