10	40
65.4798	14.9696
45.6483	54.3992
138.907	15.9131
18.9495	34.9862
99.6676	88.7372
131.307	30.6958
84.7402	56.6064
89.2319	68.1816
11.2493	32.2802
78.9515	121.444
7.29605
3.72769
4.41012
0.783298
4.54892
5.06497
1.9324
0.590311
5.39423
3.88405
2.22193
0.912761
4.22395
0.37376
1.76357
0.123959
5.97161
1.62468
5.8497
8.05222
7.60679
7.28717
7.23235
2.31969
2.76523
2.31356
5.63791
1.44744
4.90501
5.35936
7.33655
6.03817
7.22406
3.62848
7.76187
5.30412
4.49885
3.72879
7.59171
4.00031
0.660425	0.964055	0.346076	0.817474	0.300677	0.444828	0.981443	0.535135	0.75575	0.825777	0.955065	0.925705	0.892611	0.822801	0.0477945	0.335208	0.14509	0.741737	0.431837	0.552596	0.22741	0.524752	0.857966	0.645963	0.322476	0.717578	0.82223	0.902552	0.192334	0.898397	0.63368	0.390448	0.332249	0.977342	0.534029	0.564044	0.422226	0.343291	0.536333	0.628953	
0.236539	0.548829	0.411018	0.69191	0.128319	0.293222	0.873214	0.128545	0.742947	0.799972	0.540053	0.560634	0.759601	0.828142	0.455765	0.411046	0.534835	0.737361	0.366089	0.549683	0.307075	0.363611	0.719509	0.259224	0.12958	0.328097	0.694066	0.787105	0.30138	0.691141	0.222386	0.211282	0.320361	0.873913	0.133334	0.526436	0.501749	0.70537	0.239619	0.695406	
0.210889	0.525215	0.581217	0.840469	0.278414	0.220148	1.01988	0.217647	0.907909	0.962356	0.517616	0.608173	0.904038	0.993576	0.575753	0.580677	0.665085	0.903279	0.307258	0.719186	0.467201	0.523588	0.864103	0.110452	0.214724	0.377348	0.841976	0.93462	0.454278	0.817388	0.123791	0.381742	0.491132	1.02159	0.0615863	0.693962	0.672991	0.848935	0.378301	0.866353	
0.537452	0.490226	0.56631	0.27476	0.635035	0.889793	0.393642	0.493759	0.466834	0.471049	0.48513	0.259798	0.289538	0.530348	0.864801	0.577542	0.886927	0.477341	0.964712	0.45438	0.637405	0.342302	0.262863	0.711624	0.710514	0.358272	0.271068	0.330438	0.671117	0.139601	0.638045	0.482775	0.537832	0.400609	0.646242	0.410826	0.561803	0.951836	0.364715	0.565149	
0.293239	0.613248	0.550411	0.860059	0.235535	0.140777	1.0413	0.261919	0.907176	0.965729	0.605409	0.679816	0.927401	0.991804	0.500924	0.548082	0.593625	0.900799	0.225417	0.709023	0.421635	0.531223	0.887301	0.198164	0.148985	0.445008	0.862175	0.955221	0.402163	0.854289	0.215093	0.372141	0.464158	1.04206	0.131057	0.688942	0.645989	0.783174	0.404322	0.849719	
0.395097	0.639188	0.194263	0.503438	0.173737	0.485638	0.683117	0.250718	0.522045	0.583097	0.630158	0.55907	0.576635	0.605877	0.383941	0.197584	0.427948	0.514832	0.538296	0.321981	0.160127	0.171022	0.537693	0.479355	0.272565	0.37648	0.506789	0.597577	0.185889	0.545503	0.427457	0.0248732	0.105119	0.682007	0.356389	0.302772	0.276661	0.553792	0.170011	0.465763	
0.768013	0.852059	0.395227	0.146721	0.651564	0.964963	0.249293	0.654905	0.0659435	0.105657	0.845092	0.646901	0.197547	0.145651	0.719159	0.405603	0.695978	0.0746353	1.01533	0.187545	0.536834	0.333142	0.184115	0.909445	0.751571	0.636402	0.152533	0.185793	0.576521	0.311616	0.842457	0.490385	0.438666	0.243196	0.801767	0.183239	0.322782	0.679692	0.489451	0.191183	
0.228187	0.531524	0.621998	0.879184	0.316827	0.215851	1.05811	0.254159	0.948933	1.00303	0.524337	0.629508	0.94202	1.03464	0.606142	0.621297	0.697081	0.944418	0.302278	0.76068	0.50593	0.564241	0.90216	0.0915264	0.247017	0.402568	0.880587	0.973069	0.491716	0.852457	0.129788	0.423274	0.53212	1.05999	0.0977725	0.735307	0.714118	0.883242	0.417025	0.907881	
0.386975	0.579881	0.23697	0.408801	0.271302	0.56951	0.590236	0.255309	0.459779	0.513968	0.571104	0.468466	0.479516	0.545602	0.488056	0.245034	0.522562	0.455822	0.630215	0.282933	0.260343	0.0759808	0.439788	0.507256	0.363201	0.317618	0.411498	0.504036	0.291337	0.436846	0.444641	0.105078	0.172735	0.590182	0.3946	0.250732	0.289363	0.626537	0.107944	0.436811	
0.112549	0.253549	0.699285	0.790795	0.471469	0.494826	0.953654	0.256729	0.915374	0.954374	0.246895	0.397324	0.838196	0.999278	0.800094	0.7033	0.877624	0.916199	0.581662	0.7682	0.633422	0.546986	0.801425	0.198335	0.454634	0.227599	0.790288	0.87556	0.636334	0.713979	0.154206	0.48118	0.611046	0.958239	0.246975	0.730801	0.772236	1.04026	0.383638	0.922604	
