15	30
83.7498	104.998
129.224	81.0585
153.295	85.9336
90.8097	55.2307
36.6613	105.719
133.681	153.596
8.62342	52.0747
10.1058	15.7092
49.0076	94.5654
37.1018	119.254
126.616	145.112
148.324	109.104
6.05473	87.6842
78.5405	36.2698
99.6302	139.556
25.216
20.2499
18.9126
2.084
17.1955
13.9938
8.60328
28.2009
29.8857
11.4137
7.67669
35.8731
29.6796
15.9248
3.69983
11.7573
1.02691
2.45598
18.132
35.8745
7.27101
13.4209
6.19345
8.04344
21.0709
3.06447
36.4412
14.315
0.806896
13.4716
0.885596	0.754188	0.230771	0.563318	0.295835	0.626857	0.581771	0.899945	0.804583	0.174509	0.400269	0.787821	0.216343	0.734553	0.542452	0.945206	0.863478	0.931095	0.185071	0.199549	1.07505	0.0908523	0.609766	0.24411	0.570772	0.536348	0.207637	0.741608	0.726071	0.865155	
0.432796	0.231593	0.887446	0.759973	0.653081	0.323128	0.491035	0.509225	0.144081	0.782979	0.82065	0.339658	0.905678	0.276005	0.414386	0.591688	0.51251	0.291958	0.852863	0.945129	0.524321	0.858233	1.15064	0.964678	0.854304	0.418826	0.92796	0.209949	0.69413	0.331069	
0.0724352	0.315772	0.797629	0.526171	0.688933	0.447532	0.370388	0.118799	0.403931	0.830573	0.660442	0.182813	1.00295	0.290792	0.471154	0.184919	0.144245	0.691641	0.794851	0.862346	0.141303	0.866831	0.911877	0.861597	0.608553	0.566337	1.02002	0.393321	0.383152	0.708891	
0.643995	0.354512	0.822686	0.818275	0.540462	0.303935	0.549541	0.716337	0.249554	0.634856	0.816673	0.511075	0.706842	0.397751	0.383302	0.802643	0.705869	0.121963	0.770292	0.867679	0.783512	0.72691	1.16781	0.899421	0.90679	0.302661	0.730435	0.274772	0.817112	0.0710632	
0.932122	0.792776	0.278735	0.6133	0.332092	0.661993	0.627873	0.947833	0.838345	0.200144	0.449672	0.831816	0.19496	0.774961	0.580232	0.994086	0.911514	0.951633	0.235032	0.242842	1.1222	0.13188	0.64716	0.285662	0.619604	0.566342	0.181641	0.776682	0.776108	0.883763	
0.239531	0.284644	0.487599	0.25542	0.412559	0.310475	0.0866781	0.250566	0.404145	0.546425	0.357705	0.189312	0.728097	0.236136	0.267085	0.306454	0.215027	0.694665	0.486269	0.552316	0.42522	0.56856	0.652157	0.552501	0.349116	0.385397	0.742286	0.347295	0.209327	0.677532	
0.256786	0.115651	0.568416	0.415633	0.397671	0.160863	0.145144	0.311425	0.232133	0.540664	0.47902	0.120975	0.705343	0.0707785	0.167548	0.392282	0.289321	0.52269	0.546937	0.630583	0.443543	0.590566	0.804376	0.642506	0.50981	0.26823	0.723581	0.174613	0.378753	0.509101	
0.795209	0.529085	0.603955	0.751668	0.330018	0.387798	0.558353	0.849153	0.497382	0.346104	0.673699	0.654979	0.355257	0.545121	0.381603	0.92678	0.824021	0.476497	0.538477	0.627338	0.976469	0.442801	1.00609	0.669309	0.817886	0.270726	0.378673	0.466156	0.8297	0.401099	
0.783315	0.569094	0.411454	0.622456	0.183669	0.422773	0.498327	0.82174	0.581612	0.140628	0.51133	0.655685	0.186623	0.567077	0.368597	0.888318	0.790445	0.649005	0.344088	0.426542	0.975102	0.235543	0.821762	0.470464	0.672383	0.30496	0.209077	0.530026	0.736579	0.578744	
0.608757	0.340295	0.897236	0.849665	0.62527	0.341326	0.574028	0.684311	0.219817	0.732024	0.870687	0.489058	0.817362	0.388537	0.43286	0.770003	0.679956	0.0862864	0.849807	0.946787	0.725296	0.820515	1.21819	0.975032	0.941672	0.378554	0.840827	0.271205	0.82317	0.125476	
0.587653	0.404501	0.339828	0.446395	0.0605457	0.271426	0.297451	0.622554	0.448914	0.196498	0.371704	0.466386	0.358021	0.391625	0.191886	0.687673	0.590561	0.605025	0.285868	0.383259	0.78042	0.265345	0.7152	0.415641	0.510931	0.188018	0.375716	0.386179	0.541957	0.548933	
0.485507	0.365324	0.303753	0.316101	0.152159	0.269867	0.181974	0.509827	0.443333	0.285423	0.272229	0.382054	0.466532	0.337381	0.174783	0.567881	0.475485	0.659055	0.272796	0.362031	0.677699	0.318293	0.623695	0.381162	0.388174	0.24662	0.48075	0.375047	0.406943	0.614611	
0.729971	0.436974	0.825061	0.861514	0.536345	0.359403	0.603127	0.800185	0.34215	0.610767	0.840364	0.592962	0.65733	0.476351	0.423662	0.886075	0.786921	0.177327	0.767663	0.864158	0.877388	0.70649	1.19128	0.899589	0.946121	0.322612	0.680925	0.356283	0.87866	0.100387	
0.44035	0.234566	0.459425	0.435864	0.226706	0.112114	0.194665	0.486728	0.290404	0.366552	0.427618	0.308341	0.521636	0.222767	0.021854	0.561171	0.459201	0.501163	0.420236	0.514254	0.629963	0.43036	0.77796	0.537416	0.520437	0.11182	0.540792	0.223864	0.473701	0.460985	
0.554413	0.267521	0.790753	0.753456	0.51954	0.239962	0.479853	0.62737	0.158951	0.629411	0.76705	0.423396	0.723701	0.312576	0.328945	0.713717	0.618009	0.165371	0.743363	0.840308	0.692839	0.71641	1.11588	0.868534	0.844242	0.272386	0.74693	0.18958	0.739577	0.150801	
