15	20
171.911	61.1054
40.3374	147.03
85.0558	44.0433
174.239	135.699
142.83	100.77
102.413	56.6653
145.847	39.3744
12.4936	20.9566
108.135	126.84
72.261	54.3284
123.881	37.0725
12.6172	68.0467
139.236	23.0082
154.09	86.6143
64.0773	103.37
33.4748
22.0871
15.3706
6.81917
8.7763
30.4535
25.7435
23.1223
2.78889
13.8056
4.29963
20.2513
23.717
27.7819
30.0064
12.0551
9.24817
28.8277
24.4746
5.20444
0.871567	0.313027	0.790611	0.417242	0.274207	0.487331	0.5828	0.961427	0.315732	0.344392	0.345271	0.186293	0.382899	1.06732	0.0764634	0.695101	0.605379	0.977532	0.336128	0.309834	
0.703639	0.636566	0.317674	0.891351	0.325312	0.320948	0.320169	0.882303	0.290249	0.855982	0.711058	0.473229	0.357843	0.975393	0.593542	0.738448	0.545779	0.83905	0.264823	0.747321	
0.2035	0.464934	0.57927	0.628599	0.692671	0.435637	0.422545	0.206589	0.73017	0.672856	0.481598	0.825333	0.468302	0.311843	0.820822	0.0783498	0.200703	0.24293	0.707266	0.559748	
0.501284	0.322695	0.386682	0.587352	0.245282	0.0665394	0.16227	0.641642	0.273712	0.569316	0.395771	0.406993	0.0407099	0.7458	0.457741	0.436781	0.263004	0.627592	0.248057	0.446857	
0.852912	0.289802	0.782521	0.397333	0.275807	0.475294	0.571022	0.940424	0.319999	0.326156	0.321829	0.202393	0.370168	1.04618	0.0997864	0.673252	0.586643	0.957628	0.338547	0.28731	
0.917237	0.337224	0.85081	0.399168	0.334459	0.544573	0.6403	0.998849	0.374363	0.320369	0.357406	0.230055	0.439416	1.10405	0.0961315	0.72865	0.651078	1.01926	0.395856	0.309599	
0.973609	0.395871	0.891738	0.442359	0.361652	0.592097	0.68739	1.05728	0.395682	0.360527	0.414184	0.231151	0.487968	1.16257	0.0938442	0.787379	0.707345	1.0769	0.420301	0.362946	
0.826664	0.397187	1.0535	0.186255	0.775557	0.749764	0.817449	0.785309	0.830169	0.268204	0.323127	0.778671	0.678946	0.86332	0.673965	0.549828	0.646566	0.854643	0.831408	0.306788	
0.787284	0.392395	1.03045	0.211886	0.777988	0.733169	0.796756	0.740114	0.8326	0.296537	0.320161	0.791964	0.667743	0.816563	0.693205	0.510306	0.616877	0.811048	0.83192	0.315929	
0.0886205	0.681231	0.423961	0.891508	0.7722	0.472801	0.402515	0.255358	0.792229	0.922017	0.719713	0.935854	0.556596	0.313802	0.971779	0.362996	0.322327	0.17458	0.762344	0.797988	
0.675229	0.542771	0.3502	0.795143	0.232582	0.253946	0.279486	0.844157	0.2041	0.758647	0.617113	0.39082	0.27077	0.941958	0.504088	0.676006	0.487782	0.810104	0.175364	0.651128	
0.543951	0.106088	0.58794	0.370993	0.331617	0.265898	0.348348	0.625	0.382644	0.363014	0.177078	0.422375	0.186113	0.730957	0.401866	0.36158	0.279792	0.64312	0.372754	0.235294	
0.634928	0.439635	0.387017	0.692031	0.160445	0.187225	0.244997	0.790944	0.155278	0.656884	0.513911	0.334119	0.174704	0.892604	0.429793	0.599592	0.41959	0.766965	0.12286	0.548	
0.513925	0.598317	0.138352	0.863536	0.410554	0.228071	0.170606	0.699017	0.39983	0.846794	0.670015	0.583507	0.316491	0.787155	0.677749	0.592619	0.400232	0.648388	0.367668	0.724104	
0.865811	0.481563	0.635208	0.671637	0.120437	0.416366	0.492982	1.00257	0.0999606	0.609834	0.543125	0.110277	0.347209	1.10785	0.246148	0.773429	0.621876	0.992225	0.132271	0.540502	
