10	50
19.0095	74.7363
81.954	33.5873
5.58981	53.8525
44.8717	103.801
46.7775	72.2689
78.0013	13.7639
17.0935	64.0413
67.3515	118.058
60.6745	24.0633
67.6417	38.7442
6.35291
2.62986
3.82594
1.64007
5.13217
2.83692
4.4156
6.85185
0.18258
1.78149
5.61679
5.47726
1.31935
5.87819
2.19026
0.915412
5.31076
0.738369
2.23922
8.20727
2.68982
3.20892
6.81074
5.75649
1.53781
7.91358
8.08557
7.26567
5.33301
6.446
4.91081
1.08455
0.451495
5.45093
2.48649
4.22764
1.38506
4.79565
5.04162
4.72196
2.51699
2.96902
1.9755
0.60787
3.33221
7.57526
1.57134
7.50221
3.369
4.40662
0.0121624	0.338073	0.622374	0.559206	0.221888	0.443625	0.64681	0.621786	0.781273	0.5839	0.104475	0.806921	0.220076	0.776767	0.672033	0.37046	0.62247	0.0747645	1.07929	0.459366	0.388055	0.552477	0.0899124	0.339946	0.171348	0.44814	0.464447	0.636755	0.626744	0.750951	0.807322	0.576048	0.751167	0.758519	0.686522	0.819476	0.350208	0.607988	0.219404	0.764911	0.404412	0.262203	0.533791	0.720718	0.381173	0.664436	0.594585	0.681113	0.672359	0.611361	
0.673755	0.622691	0.328162	0.716084	0.445929	0.269424	0.183556	0.291901	0.706481	0.296689	0.76393	0.152978	0.605503	0.308061	0.0172207	0.51616	0.614133	0.620329	0.465934	0.446958	0.497614	0.131857	0.60404	0.706028	0.52841	0.339672	0.283909	0.198354	0.166064	0.0901401	0.437654	0.309552	0.120135	0.244144	0.457656	0.202642	0.45813	0.479875	0.878891	0.161396	0.317107	0.471558	0.255847	0.247697	0.683174	0.220781	0.169912	0.486029	0.40064	0.616203	
0.593395	0.25335	0.943753	0.0340351	0.607369	0.735585	0.590199	0.482233	0.26117	0.460825	0.606355	0.812224	0.371683	0.600836	0.762495	0.852983	0.17031	0.6365	0.924316	0.302934	0.857488	0.621489	0.509584	0.261268	0.468125	0.416294	0.775976	0.869974	0.594176	0.797747	0.520789	0.44616	0.865218	0.969264	0.376848	0.761725	0.346261	1.02104	0.713917	0.905909	0.7349	0.714706	0.489513	0.594566	0.210201	0.570435	0.579258	0.345565	0.417702	0.159862	
0.372576	0.384755	0.364877	0.549461	0.152197	0.153133	0.310857	0.328966	0.653629	0.298646	0.462397	0.446922	0.330105	0.459975	0.31259	0.324451	0.51212	0.323906	0.73127	0.299733	0.318059	0.196477	0.30414	0.456531	0.23434	0.203346	0.193076	0.318934	0.286599	0.390587	0.532344	0.298537	0.397781	0.437171	0.459275	0.465595	0.238353	0.44084	0.578651	0.418404	0.154399	0.217152	0.229788	0.39532	0.451619	0.338413	0.255273	0.470836	0.420294	0.507468	
0.0969063	0.410415	0.705956	0.624145	0.324022	0.540372	0.755568	0.72843	0.862427	0.690359	0.0483261	0.914375	0.299376	0.884319	0.777805	0.428691	0.705405	0.154032	1.18814	0.557188	0.449598	0.660739	0.190363	0.391626	0.275947	0.554176	0.557329	0.732229	0.735582	0.857523	0.910786	0.682036	0.854238	0.853018	0.785733	0.928133	0.449699	0.672475	0.111168	0.865798	0.498217	0.344058	0.641769	0.828955	0.441182	0.772835	0.703427	0.778206	0.774718	0.693554	
0.954239	0.740788	0.758686	0.697897	0.77174	0.672216	0.314755	0.322318	0.52717	0.360654	1.02873	0.334443	0.792597	0.166671	0.439393	0.918941	0.541602	0.929753	0.221074	0.52755	0.904327	0.444342	0.860933	0.821621	0.774748	0.496946	0.697967	0.627122	0.340495	0.38593	0.191255	0.370312	0.481648	0.63523	0.337706	0.247614	0.61631	0.911515	1.1564	0.526545	0.713712	0.838288	0.410166	0.22899	0.774012	0.286071	0.370244	0.367096	0.310684	0.552154	
0.155766	0.18775	0.660741	0.409074	0.245156	0.457286	0.568415	0.521401	0.634262	0.483068	0.19559	0.755817	0.0703971	0.680505	0.636354	0.463817	0.476259	0.20067	1.00005	0.3315	0.475939	0.499213	0.0745385	0.197716	0.0980696	0.348226	0.488181	0.644511	0.552635	0.707952	0.69132	0.47275	0.727646	0.765436	0.560016	0.752839	0.228476	0.680791	0.32273	0.750265	0.430035	0.331885	0.445696	0.631698	0.23319	0.578453	0.521768	0.550475	0.553835	0.464701	
0.256122	0.508415	0.401176	0.722816	0.161923	0.275225	0.595002	0.615078	0.892904	0.582905	0.337084	0.693052	0.399204	0.746704	0.545002	0.121661	0.737872	0.174176	0.999332	0.534545	0.139859	0.469925	0.276005	0.542782	0.289213	0.468876	0.276863	0.450344	0.569619	0.628309	0.817983	0.581067	0.598936	0.565138	0.732114	0.730798	0.435522	0.36202	0.405669	0.599158	0.226891	0.0714924	0.515931	0.681126	0.568031	0.624724	0.539448	0.73823	0.699511	0.729761	
1.0032	0.822228	0.724729	0.801353	0.80335	0.672287	0.345064	0.388257	0.645135	0.425613	1.0832	0.281128	0.861134	0.231222	0.413797	0.921563	0.648354	0.969779	0.10655	0.607021	0.904494	0.458798	0.914426	0.905692	0.828711	0.557318	0.692069	0.593064	0.366811	0.344061	0.302581	0.437817	0.430415	0.578721	0.440931	0.208233	0.684574	0.88204	1.20898	0.470228	0.717494	0.856975	0.460587	0.27357	0.861545	0.327947	0.398943	0.472437	0.404952	0.658069	
0.722295	0.527296	0.6018	0.530199	0.543787	0.472158	0.111065	0.0930391	0.443581	0.131069	0.797494	0.279977	0.566863	0.0666068	0.300849	0.709907	0.391304	0.698514	0.39713	0.312266	0.697931	0.24155	0.629368	0.611409	0.543163	0.266192	0.503993	0.479064	0.136748	0.291264	0.153598	0.142532	0.383582	0.527848	0.194624	0.213685	0.390032	0.741603	0.924907	0.431489	0.508072	0.617135	0.178748	0.0470907	0.569131	0.0719439	0.158094	0.22762	0.140275	0.398056	
