10	20
13.6201	54.0959
159.273	77.4679
141.709	45.2161
145.663	15.4305
37.4182	93.3943
12.7329	142.678
160.918	54.7613
124.705	107.722
140.811	73.5631
144.751	71.6466
7.81577
25.8506
6.67525
33.9528
12.5041
29.6906
0.00857136
25.9884
17.0963
28.8447
23.8461
14.2467
26.2023
19.9857
0.851025
10.709
28.259
4.5995
27.4862
23.3753
0.871355	0.91842	0.515463	0.108103	0.934573	0.613069	1.1479	0.132262	0.49865	0.604545	0.0626394	0.464365	0.807634	0.622362	0.826349	0.783796	0.850265	1.11382	0.291137	0.88597	
0.340609	0.862505	0.437038	0.45622	0.944601	0.732842	0.810149	0.558278	0.644899	0.789874	0.576607	0.383642	0.347435	0.157702	0.338842	0.559353	0.854354	0.77792	0.618053	0.98294	
0.588318	0.957106	0.50209	0.285447	1.0127	0.736832	1.02247	0.395319	0.627394	0.766921	0.378567	0.437452	0.59152	0.393469	0.590639	0.713541	0.920981	0.988818	0.510255	1.01235	
1.07993	0.292278	0.464221	0.704181	0.213647	0.17701	0.81261	0.648765	0.290261	0.178702	0.738282	0.51587	0.861829	0.828085	0.91908	0.520207	0.186935	0.790129	0.492159	0.107716	
0.721704	0.612772	0.203375	0.212836	0.645655	0.349875	0.847685	0.229763	0.239012	0.37975	0.308694	0.163546	0.583895	0.441598	0.620203	0.474856	0.556404	0.814122	0.197048	0.627841	
0.469468	0.645244	0.587783	0.939454	0.769385	0.802095	0.218799	0.996632	0.802918	0.893056	1.06119	0.609844	0.292371	0.480894	0.32263	0.365586	0.717226	0.199386	0.950438	0.895623	
0.658719	0.586347	0.14852	0.260764	0.632142	0.360307	0.784541	0.295107	0.260094	0.405389	0.368538	0.0977542	0.51414	0.378134	0.5516	0.415987	0.540918	0.75074	0.265209	0.631373	
0.871268	0.140784	0.32276	0.681891	0.19899	0.226221	0.575106	0.664098	0.303856	0.308506	0.754814	0.386684	0.641867	0.644385	0.701131	0.282243	0.110557	0.550636	0.532505	0.274097	
0.427159	0.862721	0.418708	0.374692	0.935467	0.699345	0.862484	0.479427	0.603225	0.748568	0.492803	0.358863	0.418221	0.220794	0.416607	0.581462	0.84394	0.829395	0.551267	0.960401	
0.34723	0.614259	0.308491	0.590646	0.71722	0.600014	0.50621	0.659025	0.55472	0.680734	0.715236	0.30034	0.140874	0.155393	0.190484	0.277827	0.635123	0.47316	0.641907	0.793458	
