15	30
47.6838	36.1257
55.5526	132.819
79.7075	10.1418
140.182	87.1792
1.95805	38.0728
11.073	87.633
2.421	42.7166
46.5575	114.677
16.0353	71.0462
79.4542	145.016
74.5784	83.5665
24.0077	33.5614
143.394	20.4055
77.5096	18.8184
85.691	141.631
17.7684
12.9931
19.0894
10.7267
18.5421
9.91171
12.4812
12.7005
8.78978
0.0884121
19.6307
9.02652
4.43131
15.4346
2.20169
6.86843
9.93057
8.22333
17.8023
5.91171
17.0543
2.34575
18.3965
8.86336
19.1679
14.6261
8.67993
13.2881
16.3386
13.157
0.246604	0.068425	0.746835	0.557682	0.937987	0.830583	0.32664	0.699945	0.611867	0.313867	0.129564	0.531998	0.938685	0.642967	0.869759	0.197208	0.658676	0.475736	0.425122	0.642952	0.137933	0.318864	0.926509	0.915624	0.287607	0.901763	0.284462	0.225704	0.687848	0.217823	
0.0373534	0.216065	0.524514	0.326999	0.733314	0.598754	0.405102	0.570085	0.384247	0.121941	0.214935	0.30486	0.712863	0.494503	0.649144	0.119871	0.522982	0.429908	0.438705	0.420081	0.292754	0.0995338	0.706415	0.688311	0.0764721	0.670264	0.345278	0.20399	0.486957	0.323704	
0.271822	0.037545	0.769682	0.552631	0.897008	0.8286	0.42239	0.62822	0.627812	0.352168	0.219091	0.520169	0.956575	0.578937	0.894447	0.163085	0.726272	0.561391	0.330776	0.622774	0.0518978	0.343489	0.951742	0.931102	0.315744	0.896279	0.379121	0.304906	0.648074	0.122815	
0.43782	0.492341	0.719694	0.691026	1.14547	0.896529	0.117287	1.03482	0.647885	0.407019	0.309703	0.696269	0.902596	0.957492	0.81203	0.543072	0.413048	0.154691	0.844429	0.811321	0.568689	0.455322	0.857946	0.893597	0.436262	0.972463	0.146673	0.262315	0.917522	0.648465	
0.19468	0.244133	0.582704	0.327297	0.645814	0.598325	0.549995	0.421017	0.435082	0.266871	0.340745	0.286789	0.753741	0.353568	0.706239	0.0993492	0.663744	0.590057	0.301579	0.377205	0.278842	0.22504	0.762844	0.724681	0.219608	0.660778	0.492019	0.357966	0.396243	0.264184	
0.552428	0.502022	0.847153	0.569219	0.626237	0.775061	0.87947	0.231005	0.710068	0.623139	0.662785	0.521209	0.977577	0.255656	0.95776	0.421319	1.01136	0.946854	0.181201	0.537599	0.466882	0.578271	1.00902	0.944274	0.576596	0.811887	0.82602	0.704981	0.447606	0.388958	
0.531388	0.771126	0.0510952	0.32654	0.625959	0.257449	0.754339	0.790739	0.190341	0.460284	0.695764	0.374629	0.184922	0.703974	0.0987765	0.658782	0.369456	0.57147	0.912986	0.386657	0.84861	0.458711	0.153612	0.176707	0.488165	0.315159	0.708678	0.605557	0.526883	0.869589	
0.302494	0.541426	0.199488	0.169004	0.604906	0.327954	0.577675	0.64438	0.0783766	0.237806	0.480721	0.205194	0.39179	0.554432	0.323467	0.428851	0.352926	0.44767	0.697823	0.283261	0.618061	0.229591	0.380655	0.370339	0.26007	0.404295	0.524325	0.401065	0.421836	0.639884	
0.190658	0.233359	0.627473	0.50011	0.932621	0.752262	0.199045	0.771699	0.510854	0.205445	0.0605525	0.489843	0.822365	0.699292	0.743842	0.269487	0.478763	0.291386	0.573538	0.608415	0.319192	0.238331	0.798483	0.803874	0.208992	0.827597	0.140271	0.0437203	0.689911	0.390474	
0.0490611	0.240587	0.502039	0.297596	0.70351	0.570313	0.43104	0.548584	0.359879	0.120137	0.244697	0.274686	0.68867	0.471144	0.626979	0.128868	0.521348	0.44352	0.43841	0.389736	0.313581	0.0862644	0.684315	0.663511	0.0723379	0.641382	0.370947	0.227876	0.457686	0.338305	
0.30399	0.210998	0.730802	0.471748	0.737109	0.737654	0.589563	0.435555	0.583181	0.387482	0.373235	0.428814	0.900361	0.393873	0.854225	0.14969	0.78931	0.679853	0.173353	0.507154	0.193511	0.354322	0.91075	0.870816	0.340157	0.796441	0.537907	0.426719	0.496227	0.141007	
0.587319	0.716315	0.541907	0.340843	0.179073	0.380306	0.970875	0.257021	0.460122	0.601147	0.787577	0.319057	0.599481	0.207076	0.614915	0.570463	0.859183	0.92082	0.588272	0.224511	0.740021	0.553875	0.6527	0.565743	0.576525	0.388818	0.91058	0.76554	0.0906794	0.699272	
0.423374	0.595713	0.373298	0.144669	0.322487	0.274155	0.797423	0.366938	0.269904	0.421214	0.63122	0.128178	0.477453	0.282001	0.468051	0.447689	0.664036	0.729144	0.571334	0.0381466	0.639338	0.377512	0.5151	0.443774	0.404096	0.319583	0.737687	0.593752	0.11111	0.619097	
0.238637	0.359119	0.558134	0.48994	0.942046	0.712882	0.192436	0.835472	0.463622	0.201334	0.189083	0.492303	0.750273	0.755886	0.665367	0.365384	0.354123	0.168659	0.683844	0.608615	0.446665	0.249758	0.717045	0.735974	0.231945	0.789254	0.141855	0.0915204	0.711984	0.514233	
0.650785	0.868929	0.255008	0.338134	0.37631	0.0624655	0.963256	0.655815	0.307335	0.608227	0.850884	0.373029	0.202157	0.583963	0.251727	0.729345	0.648602	0.818286	0.896763	0.295504	0.928604	0.583467	0.269068	0.171636	0.61554	0.030721	0.909496	0.781527	0.382535	0.923215	
