15	30
55.1489	49.983
25.7992	127.915
0.972834	55.5732
55.1387	45.4569
54.1252	149.439
52.0615	61.9637
24.942	55.3002
102.466	134.566
108.951	133.192
91.0565	45.4667
3.57821	29.2443
174.742	56.2298
43.2013	149.826
125.036	97.7992
83.29	74.0719
19.2338
14.0257
13.2339
21.2536
14.3626
20.954
11.1375
2.72382
21.0707
0.153503
5.72059
4.6282
5.72592
4.61803
5.55189
24.1775
11.2917
24.421
24.0028
22.5335
21.7053
22.2643
15.9647
7.65115
17.3608
17.8021
9.64646
11.8425
23.2232
3.72834
0.303346	0.938494	0.324643	0.649157	0.388716	0.505601	0.795246	0.625232	0.815287	0.215208	0.128587	0.271725	0.694986	0.532945	0.382707	0.447199	0.490895	0.105441	0.268646	0.627586	0.321818	0.262708	0.0449187	0.692069	0.545244	0.676717	0.467202	0.744287	0.234742	0.213598	
0.278795	0.913345	0.282849	0.606791	0.393878	0.463933	0.756384	0.582807	0.784864	0.213541	0.168691	0.261191	0.681854	0.500032	0.375927	0.410758	0.468364	0.0825657	0.226233	0.629872	0.316218	0.225162	0.0111892	0.649676	0.566304	0.664437	0.427385	0.721256	0.193645	0.22708	
0.548119	0.53901	0.454625	0.210865	0.984862	0.278643	0.079168	0.283608	0.354467	0.837217	0.902012	0.814862	0.656072	0.329304	0.894023	0.571968	0.493046	0.683916	0.518918	0.847267	0.869709	0.609344	0.736033	0.200316	1.02267	0.662826	0.307167	0.497379	0.540002	0.786767	
0.408318	0.507005	0.334187	0.202912	0.885044	0.177709	0.152051	0.26743	0.318343	0.726541	0.772656	0.712447	0.551583	0.196333	0.801682	0.50471	0.362597	0.550484	0.400348	0.723191	0.770679	0.504974	0.608403	0.221302	0.886072	0.554973	0.178393	0.416241	0.413489	0.64732	
0.531639	0.860595	0.744666	1.02588	0.937192	0.869272	1.01329	1.04021	0.856009	0.788179	0.585338	0.851296	0.512876	0.709163	0.956855	0.98466	0.548289	0.553502	0.733062	0.27055	0.895774	0.805277	0.611743	1.06619	0.0378588	0.491263	0.790324	0.686102	0.675608	0.376894	
0.38656	0.624947	0.247479	0.118694	0.775076	0.0673448	0.258085	0.161697	0.438442	0.625432	0.698312	0.604125	0.624121	0.246489	0.687015	0.380578	0.401445	0.488415	0.309696	0.763158	0.660016	0.397891	0.531492	0.156021	0.889366	0.6235	0.122558	0.513685	0.336595	0.613227	
0.301547	0.781628	0.0765214	0.287511	0.54493	0.166756	0.487153	0.260432	0.611197	0.392769	0.485646	0.37276	0.675589	0.33932	0.462219	0.212937	0.424092	0.305242	0.0986777	0.739509	0.430384	0.165562	0.321357	0.329537	0.790116	0.667081	0.180436	0.626149	0.14982	0.46679	
0.0882777	0.680031	0.294271	0.583818	0.65233	0.42499	0.631681	0.591617	0.579521	0.470489	0.373011	0.509197	0.423672	0.32762	0.625868	0.552034	0.232111	0.177174	0.291311	0.393026	0.568544	0.389147	0.269336	0.625764	0.424897	0.405894	0.351619	0.48193	0.234714	0.157394	
0.576974	0.760473	0.398921	0.0804315	0.836786	0.237816	0.31352	0.0943674	0.571423	0.717979	0.835922	0.678558	0.812677	0.439332	0.735443	0.393056	0.598908	0.648203	0.447218	0.961412	0.72422	0.491669	0.671976	0.0463638	1.08331	0.813962	0.315855	0.683619	0.489882	0.792053	
0.247167	0.435132	0.300837	0.377181	0.850326	0.259424	0.317911	0.42189	0.283197	0.673291	0.659566	0.680441	0.362954	0.0150444	0.78697	0.559898	0.153967	0.431387	0.358281	0.515133	0.743076	0.48643	0.510315	0.408335	0.683919	0.362033	0.185917	0.276053	0.340849	0.481427	
0.283138	0.893579	0.195058	0.504101	0.387222	0.371938	0.680766	0.473854	0.747322	0.208535	0.270316	0.222972	0.702939	0.45808	0.337404	0.296373	0.466749	0.144494	0.129862	0.690807	0.285704	0.110631	0.112425	0.546121	0.664113	0.68825	0.351277	0.711266	0.124345	0.32134	
0.478086	0.701459	0.308123	0.0198902	0.785755	0.139318	0.285019	0.0733791	0.512227	0.652619	0.753413	0.620563	0.724118	0.347395	0.689644	0.358155	0.50334	0.557179	0.361525	0.864721	0.671176	0.422916	0.587582	0.0632498	0.984164	0.724109	0.216665	0.605893	0.399758	0.695854	
0.330748	0.955712	0.399716	0.727163	0.435413	0.578414	0.853889	0.707649	0.847299	0.279647	0.100859	0.344676	0.685891	0.574762	0.448206	0.538166	0.506984	0.154817	0.349281	0.586936	0.387143	0.353545	0.134883	0.770423	0.471579	0.665959	0.531771	0.757744	0.308097	0.166482	
0.381663	0.34926	0.406297	0.372668	0.966168	0.30733	0.213778	0.434011	0.170262	0.793483	0.792387	0.794072	0.395344	0.134787	0.895518	0.635289	0.259761	0.563872	0.469423	0.593942	0.855796	0.592484	0.639957	0.39163	0.794194	0.402149	0.260814	0.246445	0.46143	0.614305	
0.0929497	0.639708	0.315317	0.587732	0.696939	0.430252	0.615029	0.600969	0.545866	0.514859	0.415876	0.55241	0.378772	0.306728	0.669095	0.58223	0.194591	0.22171	0.320435	0.357254	0.612175	0.425277	0.31406	0.628733	0.415749	0.361024	0.35274	0.440904	0.265484	0.186397	
