15	20
3.9526	121.754
116.467	56.9838
12.4804	58.4774
152.443	39.9724
157.856	143.403
18.7338	89.9849
12.5675	22.2228
20.9433	159.027
135.761	58.0012
65.3647	52.3174
69.8915	71.075
147.285	21.35
40.7215	68.0687
72.2144	88.9282
2.15631	42.3064
29.1985
37.0517
1.33943
8.9712
20.3066
6.04172
10.4063
4.44329
26.9673
24.6003
1.46437
15.7644
14.0053
17.0329
41.6818
37.2928
27.0456
15.2053
8.61968
17.1856
0.3993	0.344644	0.66647	0.679022	0.817258	0.786701	0.4933	0.275676	0.308393	0.492114	0.0659825	0.192789	0.574589	0.648225	0.476873	0.331601	0.0740431	0.647694	0.310505	0.355522	
0.794648	0.653443	0.371021	0.432026	0.0975609	0.122919	0.437337	0.559545	0.961775	0.591429	0.716399	0.718036	0.452452	0.2638	0.87022	0.483226	0.842299	0.20939	0.472722	0.436719	
0.575333	0.438228	0.506425	0.549919	0.471154	0.434994	0.148606	0.2833	0.503493	0.499959	0.30606	0.395324	0.474329	0.429843	0.667788	0.241473	0.409404	0.289671	0.113195	0.19027	
0.376546	0.281823	0.130768	0.102203	0.572527	0.576975	0.61528	0.319297	0.878524	0.14298	0.536468	0.424402	0.0344078	0.218234	0.427374	0.293549	0.663654	0.53409	0.412003	0.321394	
0.225139	0.237701	0.359329	0.313258	0.799356	0.799916	0.770289	0.371648	0.887202	0.139661	0.546157	0.38655	0.259028	0.449234	0.231837	0.394843	0.647554	0.738407	0.52552	0.448374	
0.765393	0.663576	0.269804	0.28817	0.449429	0.483504	0.742804	0.652019	1.17611	0.531964	0.862567	0.789862	0.38359	0.282178	0.810438	0.593711	0.996447	0.54701	0.660091	0.58256	
0.0664707	0.214323	0.557787	0.527694	0.933866	0.92311	0.786615	0.358825	0.734222	0.287167	0.432795	0.266822	0.442105	0.617964	0.0390365	0.421804	0.491717	0.827371	0.52814	0.484077	
0.765197	0.653375	0.788078	0.830261	0.674977	0.631049	0.256849	0.506874	0.347975	0.751178	0.394688	0.552636	0.749712	0.709909	0.854696	0.494369	0.411866	0.489431	0.367556	0.45773	
0.538663	0.423712	0.599816	0.633269	0.61809	0.581697	0.254989	0.278813	0.361553	0.52628	0.193079	0.330729	0.542844	0.542066	0.62941	0.276593	0.271249	0.435702	0.165559	0.253728	
0.722465	0.578369	0.340461	0.402723	0.146227	0.142309	0.362343	0.475755	0.874004	0.530695	0.627127	0.633912	0.403103	0.226022	0.801582	0.39917	0.752625	0.150208	0.383116	0.350028	
1.02833	0.881844	0.750185	0.811751	0.342185	0.305147	0.342105	0.737507	0.872484	0.88875	0.781518	0.87076	0.791627	0.635665	1.11822	0.672741	0.866144	0.291641	0.575715	0.610423	
0.373059	0.251163	0.476452	0.498245	0.622154	0.595181	0.361156	0.108999	0.460973	0.358586	0.140164	0.182101	0.398804	0.446214	0.465202	0.134364	0.27327	0.464227	0.119452	0.149924	
0.762407	0.62075	0.347489	0.409147	0.118943	0.1342	0.416773	0.526237	0.933587	0.561137	0.684232	0.684729	0.424417	0.237531	0.838591	0.449928	0.810701	0.194287	0.441041	0.403662	
0.489546	0.348977	0.184303	0.23405	0.381718	0.375948	0.40764	0.274981	0.777705	0.296349	0.470492	0.429885	0.187539	0.116352	0.566454	0.205112	0.604246	0.313783	0.262957	0.184489	
0.860856	0.721447	0.417106	0.475838	0.0990394	0.142365	0.496945	0.631504	1.03097	0.652094	0.789488	0.790002	0.507985	0.317697	0.934319	0.555354	0.915081	0.264834	0.545608	0.509627	
