10	30
25.7465	96.6619
24.1016	39.5826
168.181	128.244
13.5029	81.5492
36.5077	19.5379
81.9644	83.7034
153.11	130.694
59.9184	45.6634
159.292	27.889
116.628	147.33
0.742679
14.9399
2.53229
2.94338
4.28389
1.59074
13.4829
11.465
8.06341
13.2461
5.49413
9.44814
10.7878
3.00828
8.27378
10.0098
14.4791
14.5623
3.22024
15.1735
7.70292
6.19015
12.9248
10.5043
6.2049
4.98224
11.8178
15.3401
15.9463
7.59079
0.0617753	0.604941	0.496866	0.600364	0.879004	0.714407	0.687653	0.677716	0.402701	0.778317	0.631635	0.215703	0.73009	0.168113	0.307056	0.457536	0.208199	0.371709	0.552027	1.02469	0.664891	0.65037	1.1241	0.670767	0.313172	0.543428	0.623743	0.70117	0.410184	0.381097	
0.472725	0.283658	0.224979	0.695853	0.38482	0.66736	0.582937	0.184354	0.252074	0.3022	0.180944	0.470113	0.592007	0.437182	0.344037	0.330392	0.477376	0.130992	0.535112	0.649389	0.236139	0.183204	0.710899	0.32762	0.395099	0.629741	0.293941	0.303377	0.331241	0.611487	
0.424502	0.359355	0.154503	0.608544	0.461934	0.589856	0.509753	0.238348	0.163799	0.38834	0.270169	0.387751	0.523888	0.359723	0.345274	0.246367	0.395668	0.0771664	0.451169	0.639442	0.23664	0.27222	0.716039	0.40903	0.306673	0.541988	0.252576	0.291133	0.35894	0.523056	
0.205584	0.350255	0.442842	0.746892	0.670101	0.803562	0.746981	0.51165	0.383446	0.556108	0.407952	0.381681	0.77636	0.323269	0.0556956	0.471554	0.381225	0.242586	0.640524	0.956219	0.551068	0.432426	1.03148	0.415487	0.403316	0.680712	0.561855	0.608102	0.152343	0.567799	
0.350149	0.387137	0.177665	0.57339	0.536012	0.579566	0.508231	0.3161	0.138847	0.455486	0.326435	0.316599	0.529768	0.284595	0.303037	0.231402	0.323824	0.0398368	0.428929	0.69602	0.305399	0.333649	0.780045	0.44372	0.24932	0.505568	0.296971	0.35245	0.337968	0.464039	
0.744556	0.486963	0.302811	0.751139	0.276197	0.644941	0.547275	0.124698	0.396981	0.30445	0.323095	0.669509	0.529701	0.656667	0.63473	0.415826	0.679297	0.395607	0.574647	0.392097	0.111642	0.295782	0.428879	0.496532	0.55859	0.69716	0.230485	0.139959	0.61134	0.755549	
0.763312	0.79297	0.308325	0.42322	0.681846	0.261818	0.170073	0.476278	0.365327	0.692842	0.653854	0.56034	0.133827	0.585341	0.786467	0.289812	0.571189	0.51562	0.275635	0.336903	0.332973	0.637001	0.466934	0.827186	0.43881	0.394056	0.222787	0.270455	0.816393	0.537696	
0.0993295	0.641303	0.509542	0.57949	0.908184	0.701902	0.680183	0.702334	0.413177	0.809647	0.663736	0.201669	0.724204	0.162042	0.345292	0.461299	0.19289	0.397158	0.541678	1.03359	0.682874	0.681663	1.13601	0.70716	0.309545	0.524834	0.635209	0.715966	0.448345	0.355793	
0.690487	0.331103	0.352624	0.838074	0.174904	0.762407	0.667152	0.0736247	0.424188	0.146602	0.167416	0.676207	0.658944	0.649348	0.533078	0.475262	0.684475	0.349031	0.664066	0.556038	0.214006	0.137439	0.579208	0.333301	0.584585	0.777274	0.337935	0.277515	0.488473	0.79742	
0.600997	0.0670684	0.495706	0.96365	0.326297	0.938375	0.852143	0.318021	0.518833	0.200482	0.117351	0.692844	0.857791	0.64682	0.373837	0.601327	0.697587	0.358927	0.80625	0.830169	0.447749	0.142432	0.855377	0.0604545	0.644613	0.896659	0.544554	0.519906	0.288851	0.85672	
