10	20
52.4719	27.634
24.8057	139.06
115.14	139.168
134.374	33.3118
58.629	26.271
168.654	113.439
141.934	108.391
117.139	153.138
85.1609	126.988
61.583	26.0583
17.038
22.4313
33.2925
32.4823
25.207
16.5784
33.6391
30.1983
12.0516
25.5083
6.92382
30.4331
6.45111
18.2819
40.5087
7.04802
31.715
38.8944
4.64602
13.4001
0.324743	0.0321289	0.334352	0.487712	0.264723	0.830486	0.698059	0.446064	0.645566	0.588262	0.627864	0.364211	0.691763	0.535167	0.342204	0.601841	0.355624	0.862354	0.320289	0.664972	
0.578153	0.262649	0.196705	0.310043	0.11989	0.610083	0.415629	0.343278	0.416012	0.33608	0.348822	0.153251	0.443111	0.505329	0.0827084	0.309534	0.435512	0.568225	0.350484	0.374437	
0.51792	0.432032	0.564239	0.151784	0.476456	0.442603	0.674098	0.0396282	0.309942	0.321178	0.41701	0.233529	0.378774	0.138907	0.448387	0.465833	0.215103	0.734049	0.683225	0.60725	
0.820553	0.506699	0.304239	0.808467	0.383103	1.07931	0.60022	0.835485	0.89065	0.799123	0.766717	0.652193	0.89804	0.982421	0.440807	0.68384	0.850975	0.810527	0.198249	0.625001	
0.263197	0.336231	0.595492	0.393502	0.504283	0.703102	0.839964	0.28914	0.564866	0.556935	0.64031	0.38362	0.631206	0.261524	0.527959	0.664008	0.0486856	0.943932	0.643125	0.783507	
0.358659	0.0228407	0.300889	0.441056	0.223771	0.782338	0.650288	0.406556	0.595876	0.536772	0.575283	0.313108	0.640802	0.508288	0.294657	0.549511	0.343309	0.811422	0.315942	0.615263	
0.935449	0.827471	0.849454	0.367216	0.78433	0.127073	0.734039	0.411275	0.265618	0.360363	0.428471	0.518344	0.283992	0.430318	0.711653	0.523459	0.624249	0.667176	1.015	0.663035	
0.765598	0.638446	0.674172	0.179146	0.603536	0.196453	0.624996	0.228741	0.140534	0.221331	0.315184	0.333649	0.200022	0.296289	0.537927	0.401556	0.459764	0.611418	0.832571	0.552106	
0.312819	0.121123	0.379937	0.377286	0.292125	0.721609	0.681659	0.322072	0.544446	0.499543	0.555261	0.278904	0.597473	0.405753	0.337472	0.547422	0.236569	0.821927	0.420924	0.636844	
0.928623	0.603017	0.358222	0.481152	0.380987	0.595792	0.0653776	0.576538	0.448396	0.359962	0.27449	0.398103	0.418519	0.750804	0.292675	0.181019	0.753174	0.251574	0.538824	0.0549638	
