15	40
77.6879	125.996
16.204	98.9467
65.6656	103.33
37.3043	132.935
87.5759	118.957
33.3969	92.8489
55.1168	112.628
18.0488	40.8211
19.4115	19.1275
23.6726	155.777
53.3359	130.88
0.798869	88.2018
73.7023	110.538
30.4932	60.0952
9.28345	46.5423
18.6203
6.72138
6.63821
2.21539
17.0266
10.4754
2.37114
5.85101
4.37302
22.8444
22.1574
1.31073
2.10355
18.9607
10.1137
11.0869
21.4991
12.3793
9.47527
12.8436
14.4707
18.2657
11.6435
8.49075
13.3534
12.0074
7.20732
5.42445
19.1947
16.8898
19.8008
6.77624
19.6981
13.5729
15.5807
16.2225
2.66162
21.3261
0.146959
17.4073
0.735209	0.496891	0.239235	0.672795	0.539818	0.19514	0.0282127	0.680914	0.532866	0.644659	0.797064	0.269292	0.300224	0.579284	0.160268	0.374683	0.519847	0.703971	0.182622	0.383432	0.382331	0.255322	0.315294	0.0725486	0.206571	0.509182	0.541852	0.155082	0.362914	0.369334	0.199049	0.587788	0.677316	0.664368	0.660461	0.378118	0.176018	0.406339	0.151325	0.55058	
1.01906	0.771216	0.368472	0.953793	0.695355	0.0963928	0.283384	0.967242	0.648692	0.930031	1.08101	0.129392	0.0890577	0.851626	0.444431	0.127696	0.638645	0.990163	0.428739	0.614488	0.668671	0.178331	0.34141	0.274781	0.480202	0.719446	0.824653	0.157145	0.177121	0.601725	0.127612	0.863215	0.95815	0.950456	0.892471	0.243575	0.395464	0.620227	0.137531	0.807215	
0.702383	0.521121	0.437987	0.563629	0.332186	0.328404	0.186701	0.613514	0.336546	0.604422	0.760951	0.453888	0.391527	0.445966	0.229958	0.5382	0.69838	0.648644	0.05662	0.192159	0.341318	0.452681	0.231443	0.280865	0.133181	0.631223	0.447019	0.342503	0.547279	0.485419	0.381856	0.46244	0.567331	0.591142	0.747158	0.575706	0.346927	0.536248	0.295329	0.388008	
0.687135	0.525553	0.576051	0.897776	1.20567	0.90013	0.801908	0.778147	1.24151	0.689731	0.71773	0.821743	1.00772	0.926157	0.685894	0.921894	0.311766	0.748706	0.860637	0.977397	0.699086	0.768744	1.08913	0.724083	0.800289	0.288431	0.815924	0.799217	0.845988	0.431505	0.815214	0.908374	0.902103	0.790244	0.277843	0.781454	0.5991	0.379641	0.869059	0.991651	
0.874279	0.64975	0.36643	0.774998	0.502757	0.112231	0.140599	0.805238	0.466952	0.77996	0.935486	0.260657	0.169093	0.664777	0.310337	0.322236	0.656704	0.833893	0.240087	0.415889	0.511327	0.278832	0.18486	0.20427	0.304275	0.668854	0.650411	0.17324	0.34682	0.530569	0.196653	0.678815	0.77907	0.785764	0.822056	0.391999	0.331503	0.565759	0.0958594	0.612664	
1.04169	0.77504	0.303146	1.03767	0.889082	0.280417	0.399077	1.01954	0.855836	0.964706	1.10236	0.128594	0.319687	0.95688	0.505764	0.135278	0.493813	1.03201	0.56485	0.76519	0.731012	0.130024	0.559491	0.330043	0.589618	0.641464	0.904918	0.236635	0.0564122	0.561401	0.198239	0.962385	1.04246	1.00804	0.824164	0.0241148	0.391329	0.5579	0.295155	0.935105	
0.849556	0.714055	0.652217	0.649332	0.164258	0.459188	0.387082	0.73778	0.120385	0.752166	0.902438	0.609072	0.470856	0.516781	0.453851	0.662625	0.921447	0.780921	0.278736	0.238467	0.516654	0.623277	0.206557	0.485868	0.342291	0.852936	0.563195	0.512713	0.694821	0.707818	0.542849	0.541276	0.651663	0.711924	0.958171	0.739949	0.569069	0.759863	0.442941	0.423355	
0.706203	0.453762	0.16079	0.676161	0.609652	0.239189	0.111396	0.66674	0.609449	0.620766	0.768081	0.26451	0.351259	0.595875	0.144083	0.381413	0.436773	0.684405	0.239944	0.434377	0.372065	0.235015	0.398146	0.0428393	0.238218	0.433549	0.543462	0.163942	0.351879	0.298611	0.204821	0.600606	0.68092	0.65299	0.59224	0.350266	0.0955976	0.330423	0.197831	0.581528	
0.300169	0.122749	0.472944	0.309111	0.612056	0.630401	0.444189	0.260128	0.672834	0.21024	0.361924	0.674662	0.733066	0.295431	0.275641	0.792371	0.561821	0.273686	0.368811	0.382223	0.0828388	0.640232	0.649058	0.45191	0.288974	0.367843	0.192445	0.573311	0.758404	0.278432	0.615407	0.282193	0.314132	0.250691	0.392149	0.743721	0.369219	0.329723	0.58658	0.355145	
0.599434	0.338141	0.219755	0.699771	0.862843	0.534619	0.427326	0.625424	0.886379	0.548082	0.653991	0.481665	0.645475	0.677705	0.326013	0.595259	0.172806	0.619172	0.499887	0.645759	0.418913	0.430169	0.714845	0.350742	0.450419	0.137642	0.582596	0.43646	0.529961	0.113233	0.459418	0.668782	0.70476	0.624622	0.319934	0.481683	0.224377	0.0687479	0.500328	0.71294	
0.394101	0.424291	0.733148	0.133857	0.446318	0.773642	0.593306	0.258866	0.537164	0.316238	0.430276	0.868722	0.850313	0.0251688	0.477971	0.972598	0.875373	0.308403	0.442374	0.294377	0.285241	0.849339	0.666037	0.648623	0.393621	0.68791	0.134286	0.75482	0.961691	0.590855	0.79877	0.0435777	0.134977	0.232016	0.688547	0.968023	0.61881	0.645379	0.734088	0.10215	
0.701576	0.43607	0.0641626	0.712611	0.70858	0.305686	0.215249	0.682355	0.712304	0.624882	0.7624	0.276245	0.417389	0.648395	0.199037	0.396266	0.333007	0.692774	0.335644	0.521347	0.40309	0.231376	0.499592	0.125197	0.318239	0.356249	0.580969	0.209858	0.34672	0.238738	0.238396	0.649031	0.717553	0.672384	0.527605	0.322789	0.0542402	0.255633	0.270785	0.648686	
0.258584	0.193355	0.59598	0.489541	0.92124	0.853932	0.687701	0.357949	0.983241	0.271489	0.292808	0.849612	0.965317	0.54849	0.519333	0.969373	0.51844	0.323409	0.658591	0.692475	0.392773	0.803311	0.934999	0.657253	0.580051	0.28535	0.438077	0.772863	0.914685	0.337314	0.807799	0.525386	0.493287	0.374104	0.152443	0.876463	0.535245	0.342809	0.811831	0.635334	
0.675731	0.530855	0.528161	0.50192	0.245255	0.428125	0.287565	0.572154	0.272203	0.577534	0.73097	0.5565	0.482612	0.375482	0.293883	0.638842	0.774386	0.61229	0.130612	0.0974956	0.333922	0.555153	0.279577	0.378554	0.169952	0.681622	0.398812	0.44517	0.649763	0.538858	0.484514	0.395799	0.505057	0.547575	0.777716	0.67827	0.428879	0.593395	0.396738	0.302772	
0.0971618	0.185143	0.652617	0.252016	0.743896	0.83321	0.647188	0.121703	0.819425	0.0334878	0.158964	0.871681	0.936047	0.326877	0.478165	0.990627	0.675557	0.0986414	0.562479	0.530512	0.269489	0.834432	0.840366	0.651869	0.484071	0.447003	0.224761	0.773588	0.952313	0.41816	0.814951	0.301044	0.255596	0.135959	0.379628	0.931678	0.558489	0.453934	0.789382	0.424559	
