15	50
89.9402	55.1172
64.4983	52.1506
25.991	96.9898
60.9943	60.4647
51.7307	46.6569
54.148	86.085
40.6478	59.7855
21.7624	140.42
82.7909	108.411
28.0125	138.462
81.1736	85.5469
9.00074	107.357
23.5355	118.808
63.0191	90.4348
41.6927	136.833
16.2542
7.00823
11.251
13.4845
3.05185
6.03371
11.1518
10.2137
4.07529
7.80541
1.71794
7.12503
16.2833
10.7182
15.8359
12.3768
6.26605
2.61519
1.64684
8.54426
14.773
10.2563
6.88531
3.5754
15.8986
10.2723
5.94322
8.79579
2.16258
4.92627
8.30286
4.23168
1.70549
16.9207
2.70411
14.6545
12.4658
4.48521
13.7158
9.35145
16.4854
16.8705
14.344
1.54981
8.51142
12.5815
0.395394
15.4549
16.8858
12.6098
0.0354369	0.477521	0.766401	0.266876	0.478559	0.211525	0.588479	0.498612	0.661503	0.463003	0.384594	0.656964	0.0219761	0.112614	0.891265	0.700982	0.660316	0.520135	0.88885	0.743555	0.174607	0.250227	0.598312	0.904369	0.445406	0.461441	0.482208	0.452113	0.443197	0.661841	0.422779	0.350363	0.620642	0.720853	0.279921	0.722057	0.467689	0.582743	0.304786	0.5953	0.416102	0.0582664	0.140645	0.683447	0.744794	0.324097	0.214645	0.658076	0.260277	0.684356	
0.231129	0.710234	0.943419	0.385067	0.676366	0.205825	0.812508	0.71217	0.825218	0.623751	0.601253	0.866256	0.249007	0.345462	1.10894	0.864866	0.863347	0.728896	1.11691	0.972033	0.385235	0.0354133	0.78799	1.12948	0.531644	0.695681	0.694857	0.64429	0.505251	0.896021	0.518962	0.479977	0.802159	0.866635	0.459624	0.82479	0.698547	0.785846	0.522578	0.808779	0.644764	0.242752	0.348453	0.8768	0.978403	0.558051	0.196638	0.808774	0.411026	0.899226	
0.123128	0.589472	0.86435	0.327654	0.560886	0.19475	0.691545	0.610777	0.75294	0.551236	0.497533	0.76794	0.129241	0.229715	1.00549	0.792737	0.747066	0.610776	1.00569	0.860428	0.282896	0.133495	0.701037	1.02065	0.495882	0.577391	0.593973	0.530211	0.481207	0.777845	0.477758	0.420637	0.692258	0.804373	0.34707	0.785077	0.577368	0.669338	0.417785	0.689732	0.532867	0.141343	0.246567	0.763407	0.857999	0.438252	0.191332	0.743446	0.338777	0.779998	
0.881717	0.436674	0.565361	0.840361	0.648353	0.997405	0.444998	0.459589	0.630063	0.677742	0.539724	0.387085	0.86765	0.767184	0.268328	0.628915	0.584323	0.579952	0.123137	0.174288	0.738526	1.12965	0.520504	0.174425	0.876687	0.421869	0.475827	0.680128	0.927796	0.226227	0.854828	0.793178	0.703854	0.710343	0.780437	0.872383	0.463091	0.594571	0.60694	0.525697	0.472549	0.872958	0.773282	0.643308	0.216944	0.564935	1.00785	0.685193	0.785765	0.495069	
0.240507	0.521364	0.543558	0.0227549	0.641	0.212504	0.670555	0.365065	0.423084	0.222585	0.280502	0.498799	0.285547	0.244532	0.749198	0.462656	0.794962	0.655624	0.789654	0.653516	0.164906	0.434386	0.398557	0.789998	0.177951	0.463492	0.347564	0.627138	0.190182	0.636892	0.15281	0.080715	0.795091	0.466415	0.497684	0.450323	0.529482	0.723932	0.229322	0.711057	0.362983	0.21613	0.166671	0.834781	0.748311	0.38267	0.223969	0.407143	0.0364502	0.788456	
0.794802	0.367106	0.497935	0.748703	0.596564	0.906972	0.402439	0.368189	0.551277	0.588062	0.448394	0.305379	0.782825	0.681308	0.242236	0.553481	0.557518	0.53214	0.126497	0.0889637	0.649324	1.04398	0.436403	0.171139	0.786317	0.341451	0.384302	0.625673	0.837103	0.158328	0.76413	0.701626	0.669425	0.635016	0.710584	0.793127	0.396274	0.556144	0.516607	0.4882	0.383387	0.785278	0.684443	0.618702	0.197979	0.484448	0.917491	0.605544	0.694184	0.472916	
0.638201	0.168885	0.572937	0.643673	0.39298	0.774651	0.20874	0.320451	0.580959	0.544786	0.349252	0.353845	0.616778	0.521322	0.417849	0.596833	0.377275	0.330822	0.329377	0.216341	0.510753	0.879256	0.450615	0.368904	0.724747	0.171258	0.329894	0.421363	0.769237	0.0467374	0.698676	0.620303	0.47734	0.673333	0.512264	0.807237	0.194959	0.362098	0.39527	0.296958	0.260641	0.633077	0.54201	0.439329	0.124997	0.307975	0.78414	0.627436	0.587745	0.30425	
0.214655	0.69972	0.91561	0.355732	0.677364	0.174512	0.806683	0.689715	0.796549	0.595432	0.579842	0.842624	0.238833	0.330902	1.08663	0.836135	0.863733	0.727552	1.09776	0.953212	0.364449	0.0669647	0.761778	1.10923	0.500377	0.681749	0.672281	0.646298	0.473706	0.881712	0.487956	0.450456	0.806852	0.836781	0.462447	0.793488	0.689389	0.786028	0.501821	0.806371	0.626611	0.223749	0.327866	0.879372	0.966883	0.546117	0.165196	0.779288	0.383427	0.896572	
0.624157	0.222161	0.460084	0.589417	0.473805	0.740136	0.311513	0.229005	0.472716	0.457246	0.287209	0.2411	0.612302	0.510605	0.330232	0.486613	0.483992	0.41983	0.274831	0.135254	0.48022	0.87327	0.343636	0.302703	0.647298	0.176971	0.241864	0.497101	0.695144	0.0894763	0.622845	0.551847	0.575683	0.56436	0.555343	0.703937	0.25496	0.460437	0.349973	0.399019	0.214378	0.614885	0.514897	0.545688	0.211753	0.317689	0.750444	0.521093	0.533948	0.415262	
0.834999	0.402024	0.519639	0.788471	0.625388	0.947349	0.427085	0.406665	0.579854	0.624541	0.488525	0.33562	0.822638	0.721314	0.240693	0.579977	0.576295	0.559296	0.107267	0.121364	0.689752	1.08398	0.46845	0.157162	0.823476	0.379919	0.423001	0.655555	0.874611	0.191391	0.801644	0.740343	0.691564	0.661514	0.746064	0.822126	0.430277	0.579644	0.557009	0.511129	0.423804	0.825581	0.724853	0.636732	0.210435	0.523081	0.957878	0.634707	0.734074	0.48947	
0.554561	0.0742267	0.599409	0.58313	0.311066	0.699747	0.158317	0.308486	0.586706	0.517566	0.305265	0.383309	0.529608	0.437635	0.492036	0.608169	0.331412	0.256163	0.417604	0.292096	0.43724	0.791187	0.456388	0.453668	0.68289	0.100854	0.313129	0.336139	0.723489	0.137933	0.655604	0.571724	0.413979	0.679667	0.417688	0.798851	0.100965	0.299425	0.335222	0.24186	0.212337	0.551307	0.465956	0.391639	0.200035	0.22075	0.708703	0.627761	0.527891	0.275961	
0.702437	0.213767	0.704602	0.74344	0.349176	0.855099	0.140955	0.448987	0.713923	0.668818	0.462576	0.48587	0.672126	0.586659	0.519976	0.729986	0.275777	0.277251	0.406458	0.325641	0.594551	0.929577	0.58342	0.453493	0.8408	0.261234	0.456921	0.384224	0.882517	0.161399	0.813835	0.731172	0.392904	0.806389	0.517535	0.93842	0.221581	0.284233	0.495624	0.215427	0.370105	0.701493	0.621667	0.336447	0.0945423	0.369587	0.863665	0.759916	0.688267	0.190351	
0.302155	0.463812	0.452123	0.122506	0.618944	0.310357	0.618285	0.268973	0.33752	0.135933	0.197326	0.39888	0.336167	0.266246	0.64933	0.377326	0.756955	0.622571	0.692712	0.558859	0.173834	0.521795	0.300361	0.691579	0.190936	0.396583	0.251841	0.6108	0.227001	0.55527	0.162578	0.0748236	0.772755	0.392595	0.506988	0.408734	0.477258	0.690486	0.167914	0.668776	0.287156	0.279072	0.195156	0.802083	0.671062	0.342688	0.321851	0.330089	0.0807153	0.739828	
0.316058	0.213757	0.533675	0.325247	0.377001	0.442981	0.364909	0.21629	0.465955	0.321648	0.117538	0.370916	0.306477	0.203401	0.585539	0.499638	0.502643	0.371178	0.57329	0.427961	0.179084	0.565649	0.358931	0.590621	0.44603	0.162125	0.204642	0.375939	0.47971	0.355429	0.417651	0.327982	0.52765	0.550101	0.326338	0.624354	0.223465	0.438278	0.0877839	0.413795	0.102143	0.307236	0.21088	0.549606	0.454021	0.0936757	0.452489	0.487834	0.271174	0.485352	
0.232496	0.26862	0.699759	0.363276	0.29039	0.403669	0.374621	0.385903	0.6226	0.454033	0.281626	0.540082	0.19595	0.127833	0.746141	0.658454	0.459807	0.317673	0.717747	0.574236	0.189662	0.453298	0.524268	0.741168	0.525412	0.269216	0.373835	0.27339	0.544513	0.466345	0.497636	0.40728	0.443006	0.701236	0.164392	0.75236	0.255411	0.384027	0.220676	0.387194	0.265102	0.237258	0.194559	0.491321	0.537783	0.126139	0.410024	0.637473	0.323454	0.474428	
