15	30
30.4875	122.197
28.4801	32.139
42.3037	129.427
148.146	91.0577
1.71411	106.027
130.32	71.4237
14.7962	67.1321
12.3808	13.079
164.802	37.1057
19.2387	65.4518
174.27	49.9039
135.892	94.1476
19.7107	65.1787
106.313	89.8615
152.639	44.6981
16.3969
19.7605
10.8718
9.72268
15.3406
2.16155
13.5743
20.5399
2.63986
16.7221
25.1552
22.6862
0.015726
23.7669
28.0336
10.3881
11.8609
2.46585
0.787808
3.88135
8.06349
11.0172
3.17562
14.3699
10.6203
10.4745
9.86034
22.6024
7.23688
5.41732
0.950146	0.811214	0.190634	0.519902	0.696903	0.776387	0.977202	0.679329	0.834284	0.67702	0.436731	0.0571532	0.297131	0.139133	0.454973	0.847919	0.313479	0.803147	0.389591	0.0174176	0.248126	0.790111	0.54135	0.570312	0.0588602	0.114869	0.823264	0.596516	0.365135	0.811459	
0.409557	1.04016	0.643333	0.503889	0.710999	0.331131	0.362772	0.523758	0.0273873	0.935439	0.75693	0.866885	0.71375	0.671343	0.711775	0.189683	0.6447	0.407447	0.54823	0.809394	0.91514	0.184835	0.306723	0.459857	0.770401	0.830161	0.223566	0.699356	0.468722	0.155685	
0.696921	0.734671	0.0764634	0.293969	0.524857	0.602075	0.720564	0.455828	0.58916	0.597869	0.340608	0.310949	0.345965	0.126344	0.328106	0.590595	0.307001	0.648107	0.173209	0.25261	0.361756	0.532698	0.339001	0.448305	0.20887	0.319239	0.565388	0.436883	0.107287	0.593461	
0.21635	0.627552	0.578215	0.25054	0.295357	0.736416	0.27947	0.123415	0.447676	0.550986	0.473639	0.810588	0.840246	0.650003	0.422893	0.293719	0.782361	0.812504	0.378445	0.756397	0.738864	0.269354	0.549929	0.75195	0.709345	0.843706	0.246026	0.330517	0.432629	0.593343	
0.990764	0.793283	0.235809	0.550835	0.706965	0.842205	1.02165	0.706509	0.8925	0.662342	0.43549	0.0232753	0.354548	0.198556	0.460569	0.898695	0.376195	0.869122	0.422047	0.0607816	0.206321	0.840738	0.605213	0.636042	0.0997662	0.15258	0.871994	0.60534	0.415325	0.874712	
0.654329	0.875324	0.245829	0.35757	0.619004	0.424412	0.658324	0.498882	0.454025	0.742392	0.494805	0.443276	0.321668	0.249904	0.470746	0.500119	0.25796	0.471585	0.283744	0.387443	0.536424	0.445704	0.163256	0.286826	0.353209	0.402014	0.487848	0.548287	0.144579	0.427658	
0.492937	0.498769	0.335115	0.0617067	0.223591	0.750549	0.544545	0.173175	0.576446	0.378346	0.205399	0.547832	0.65202	0.41547	0.155051	0.486519	0.60798	0.816363	0.133772	0.498	0.457412	0.4364	0.499255	0.676909	0.451828	0.602939	0.443477	0.155154	0.256193	0.664464	
0.356246	0.93495	0.561492	0.398493	0.607082	0.389294	0.328231	0.421074	0.117033	0.829506	0.653442	0.792854	0.675722	0.598278	0.607567	0.148564	0.607324	0.466744	0.449121	0.734648	0.82371	0.112895	0.282029	0.466294	0.693256	0.768771	0.160913	0.593484	0.382542	0.236729	
0.117589	0.700546	0.677612	0.355315	0.378094	0.757882	0.191295	0.225854	0.437137	0.637269	0.578465	0.912599	0.923321	0.746825	0.527979	0.26501	0.862605	0.835273	0.481339	0.857621	0.845249	0.262332	0.602444	0.803785	0.810606	0.940287	0.223515	0.427761	0.523413	0.598745	
0.228972	0.611753	0.574846	0.244583	0.27973	0.748008	0.293686	0.110439	0.462272	0.535721	0.462233	0.805781	0.841806	0.647608	0.411666	0.309339	0.784661	0.823879	0.373569	0.752022	0.730031	0.284242	0.557869	0.759649	0.704983	0.841243	0.26159	0.316453	0.43269	0.606606	
0.169351	0.882944	0.674361	0.418773	0.549123	0.568049	0.137497	0.364371	0.226959	0.799209	0.67813	0.914247	0.845651	0.727081	0.627628	0.0512322	0.7789	0.645259	0.514421	0.856123	0.901356	0.0836945	0.468495	0.65766	0.811186	0.911418	0.0391862	0.568434	0.496725	0.396502	
0.368787	1.06724	0.723121	0.551282	0.733805	0.400127	0.308867	0.544875	0.0653646	0.97072	0.810593	0.951156	0.806215	0.755784	0.763254	0.163909	0.73716	0.473313	0.61162	0.893265	0.987637	0.188006	0.399331	0.548748	0.853029	0.919011	0.209508	0.734601	0.545316	0.217732	
0.636147	1.02928	0.440408	0.479715	0.740201	0.232631	0.616216	0.58525	0.328931	0.902232	0.668275	0.624119	0.417446	0.437249	0.636954	0.437624	0.348929	0.288224	0.446258	0.571153	0.731042	0.396242	0.0345751	0.181885	0.541264	0.560701	0.444602	0.687583	0.314371	0.248936	
0.382376	0.531142	0.429818	0.0948959	0.208386	0.737917	0.437806	0.0674917	0.515453	0.429228	0.308194	0.653278	0.724543	0.506924	0.257063	0.400802	0.673772	0.80895	0.224288	0.601314	0.570181	0.356864	0.507348	0.700058	0.554526	0.698755	0.354754	0.193241	0.313316	0.62747	
0.807277	0.970402	0.268484	0.491893	0.744991	0.451141	0.808546	0.642603	0.576049	0.83362	0.575991	0.381654	0.170754	0.223372	0.563474	0.644873	0.104588	0.47525	0.394122	0.335924	0.53638	0.592495	0.246153	0.244299	0.31816	0.301081	0.636434	0.664218	0.267663	0.511218	
