15	50
5.8739	99.899
56.2745	138.373
62.252	65.1638
60.2831	45.3279
38.4897	108.628
87.1626	43.9013
48.9041	134.695
70.5763	103.345
39.1621	43.7499
3.11584	95.554
0.0673964	54.7469
1.87701	158.669
0.0569359	13.5763
4.69689	28.5183
73.7004	24.4688
7.50753
14.1336
7.50575
2.65037
6.53507
14.6157
3.67537
0.316986
15.6533
2.86485
3.09006
7.32919
13.7199
12.0933
3.83051
1.49819
15.5508
11.0642
4.13992
2.37023
9.38328
6.41642
0.81232
9.90511
9.52761
0.605767
12.9551
9.09128
12.7735
9.737
16.3985
8.82464
3.19082
12.7261
6.43142
3.73306
5.75388
16.2934
10.3405
4.53286
10.2178
8.95596
13.5377
13.5586
3.9814
2.34535
6.71222
3.16685
1.0468
3.10513
0.417779	0.328823	0.109254	0.911793	0.557393	0.137571	0.3264	0.542522	0.433489	0.715764	0.420109	0.297238	0.905918	0.904787	0.881728	0.456234	0.137411	0.964476	0.836819	0.648844	0.74309	0.40282	0.294948	0.258618	0.87977	0.475039	0.637263	0.57077	0.306033	0.917549	0.27693	0.0816994	0.445101	0.29774	0.490028	0.737713	0.69468	0.863244	0.812779	0.603292	0.330254	0.893187	0.470564	0.326608	0.575443	0.299822	0.266854	0.328255	0.477582	0.685307	
0.76558	0.883443	0.683103	0.234024	0.251213	0.651629	0.818199	0.295844	0.417313	0.61081	0.366148	0.781609	0.158345	0.283992	0.157118	0.529848	0.760221	0.497622	0.659227	0.206339	0.193315	0.53729	0.56487	0.548658	0.41623	0.389429	0.309441	0.218166	0.640071	0.26358	0.529773	0.719834	0.617525	0.519401	0.963817	0.450303	0.312546	0.171523	0.267079	0.820175	0.787536	0.443909	0.433238	0.849452	0.549705	0.730288	0.894344	0.915813	0.574367	0.329284	
0.190686	0.92107	0.601221	0.998249	0.708673	0.587201	0.900124	0.744897	0.731388	0.239873	0.582606	0.861734	0.7903	1.03172	0.756148	0.853988	0.466701	0.587043	0.326581	0.793413	0.60397	0.305537	0.387901	0.466222	0.54929	0.42176	0.864048	0.666428	0.317203	1.02234	0.466285	0.535204	0.205412	0.445919	0.294621	0.392126	0.482094	0.721034	0.971848	0.0497579	0.287393	0.543122	0.792809	0.910343	0.225195	0.840194	0.429395	0.390253	0.221734	0.919446	
0.42172	0.577171	0.302471	0.567695	0.219998	0.270495	0.526204	0.242499	0.226563	0.474599	0.073646	0.484144	0.51096	0.580231	0.486289	0.362606	0.359319	0.614543	0.582133	0.316837	0.350662	0.205407	0.175817	0.147671	0.521777	0.125244	0.363471	0.202313	0.264049	0.582359	0.128779	0.323003	0.306853	0.12037	0.607805	0.414015	0.325525	0.467972	0.501554	0.542282	0.413723	0.540851	0.28739	0.550545	0.33915	0.441656	0.499664	0.528528	0.289758	0.419871	
0.525693	0.813815	0.544283	0.475532	0.266508	0.512546	0.758488	0.322348	0.393773	0.377602	0.257661	0.717158	0.298339	0.514638	0.267761	0.537003	0.571234	0.390363	0.448854	0.313546	0.113494	0.305418	0.361945	0.373691	0.295078	0.167232	0.413389	0.206	0.420227	0.501475	0.354977	0.554436	0.374343	0.336063	0.724164	0.241132	0.106211	0.241358	0.468212	0.571045	0.559693	0.318234	0.440438	0.785062	0.301168	0.671119	0.682787	0.694786	0.328465	0.45953	
0.701381	0.401622	0.347338	0.527369	0.25942	0.330379	0.332562	0.206285	0.110383	0.803986	0.26828	0.30271	0.655665	0.500062	0.646064	0.034325	0.513601	0.892187	0.907813	0.299412	0.573078	0.521927	0.444732	0.37015	0.796922	0.451015	0.229517	0.314626	0.531852	0.52232	0.36485	0.428515	0.620338	0.381916	0.856665	0.723879	0.606856	0.64587	0.405428	0.852194	0.658299	0.820726	0.0675788	0.36549	0.669659	0.251651	0.678853	0.729288	0.613375	0.261178	
0.861561	0.795158	0.66849	0.136454	0.231041	0.640468	0.726082	0.235092	0.351218	0.779609	0.385775	0.695731	0.346579	0.132471	0.355197	0.414695	0.787744	0.702302	0.843546	0.133016	0.385204	0.63245	0.623737	0.582432	0.618767	0.491467	0.164671	0.25024	0.711418	0.140082	0.566018	0.726548	0.726937	0.56492	1.05337	0.632523	0.49049	0.374989	0.0664602	0.950653	0.861518	0.646434	0.336888	0.75903	0.69315	0.644251	0.940999	0.974509	0.69273	0.15293	
0.24015	0.537155	0.27318	0.99977	0.642981	0.282139	0.537254	0.646164	0.562577	0.594551	0.488946	0.507329	0.924132	1.006	0.894995	0.625071	0.0966123	0.893928	0.711771	0.740858	0.740784	0.335355	0.269304	0.291976	0.821196	0.460984	0.757967	0.636409	0.213749	1.01193	0.309275	0.186272	0.327224	0.315026	0.279161	0.662375	0.660849	0.869491	0.920473	0.420402	0.143274	0.828567	0.612981	0.536985	0.472192	0.50564	0.0693439	0.122014	0.374039	0.811629	
0.483711	0.335653	0.104201	0.703004	0.354771	0.0832074	0.290233	0.333445	0.220937	0.675708	0.237848	0.248104	0.729506	0.69338	0.70925	0.261546	0.266938	0.856504	0.792479	0.441552	0.587644	0.356443	0.251227	0.174768	0.764551	0.357859	0.424692	0.378028	0.321041	0.707284	0.181385	0.181256	0.439037	0.206635	0.619474	0.647364	0.568799	0.696171	0.600803	0.653112	0.42561	0.782889	0.25962	0.3114	0.530837	0.213206	0.431936	0.483841	0.449585	0.472843	
0.424963	0.392712	0.108201	0.701936	0.345583	0.0764451	0.351166	0.334525	0.237444	0.61303	0.209414	0.309316	0.700225	0.698411	0.677831	0.307044	0.231517	0.803879	0.730421	0.438633	0.547947	0.292785	0.18736	0.110868	0.713224	0.303492	0.437751	0.358738	0.259698	0.709211	0.118332	0.158129	0.375215	0.143893	0.569664	0.590392	0.519085	0.662052	0.608298	0.591255	0.372615	0.730501	0.286409	0.370597	0.467955	0.276517	0.39589	0.443291	0.38573	0.48946	
0.468791	0.991538	0.682147	0.708809	0.525417	0.654426	0.94661	0.579123	0.630212	0.149476	0.474645	0.904378	0.442814	0.757282	0.40917	0.774474	0.63801	0.236386	0.187305	0.576345	0.282164	0.338966	0.446081	0.498779	0.177818	0.30235	0.675927	0.466299	0.452032	0.738429	0.485055	0.658956	0.333571	0.459641	0.645503	0.0247052	0.165863	0.372513	0.722791	0.423493	0.542349	0.176822	0.684041	0.9683	0.190022	0.865051	0.692237	0.680176	0.284539	0.722513	
0.475957	0.286231	0.0453559	0.79009	0.442559	0.0594025	0.256306	0.420764	0.305488	0.71382	0.320944	0.217363	0.813475	0.779099	0.792243	0.323038	0.222438	0.920575	0.833285	0.529134	0.665571	0.39061	0.278521	0.213076	0.830606	0.420187	0.508517	0.464599	0.32796	0.793775	0.226102	0.13069	0.459541	0.251591	0.587055	0.703936	0.637138	0.777762	0.685953	0.65513	0.403955	0.847384	0.338562	0.269525	0.568736	0.199697	0.380606	0.437757	0.479219	0.554846	
0.672502	0.746882	0.547031	0.297353	0.115293	0.515879	0.682488	0.166096	0.282005	0.584855	0.232418	0.645159	0.285586	0.322297	0.273962	0.403909	0.634555	0.555006	0.656349	0.110047	0.223259	0.44184	0.449388	0.422835	0.463386	0.296825	0.217877	0.0809562	0.531656	0.316826	0.404521	0.588057	0.532787	0.397463	0.867723	0.446708	0.305734	0.274107	0.263449	0.753041	0.681743	0.490113	0.304729	0.713329	0.494417	0.594146	0.776534	0.803297	0.496295	0.257079	
0.602034	1.18689	0.87323	0.843195	0.711401	0.846651	1.14342	0.766902	0.825792	0.227396	0.671879	1.10121	0.538994	0.899104	0.509807	0.970315	0.812079	0.174848	0.132748	0.751192	0.428685	0.521805	0.632971	0.691283	0.209768	0.500462	0.855692	0.650903	0.624743	0.875186	0.67864	0.843144	0.492634	0.652968	0.749321	0.21257	0.339334	0.475393	0.879212	0.499205	0.6888	0.184515	0.878117	1.16448	0.350823	1.06259	0.841927	0.818996	0.450689	0.898435	
0.129567	0.625804	0.307257	0.875228	0.532024	0.295882	0.605851	0.549828	0.497175	0.417255	0.380148	0.568175	0.760276	0.891355	0.729459	0.59709	0.180809	0.708958	0.536947	0.6289	0.571785	0.158013	0.138966	0.204429	0.636857	0.298807	0.669528	0.510845	0.0480679	0.891841	0.213125	0.240284	0.144869	0.203458	0.296616	0.477425	0.482469	0.701435	0.813664	0.303844	0.102682	0.643791	0.555983	0.615303	0.288527	0.549542	0.226031	0.23286	0.189489	0.725704	
