15	40
44.6673	53.6251
28.1394	107.969
66.0312	140.797
58.4375	117.427
34.1787	153.941
18.0199	45.6952
23.0826	10.8146
9.31584	151.794
83.5806	70.4025
51.9603	103.727
29.0312	136.842
12.3877	145.865
77.3904	141.153
38.9705	60.0701
52.2563	132.3
22.2231
13.1574
23.7629
21.0301
7.72881
23.0331
10.7162
8.36782
14.5131
12.5485
7.03075
8.84086
14.1046
15.7171
2.23249
19.9353
6.827
17.5464
12.6243
7.78861
3.88034
9.76099
26.3162
20.74
10.3256
12.9132
20.9599
19.3562
26.2058
0.276709
16.6571
0.0106359
11.9736
9.08977
0.305133
2.10225
23.0166
23.8214
15.304
1.39718
0.329323	0.265614	0.663514	0.557953	0.269614	0.697558	0.474809	0.170121	0.392272	0.644821	0.498718	0.591329	0.794969	0.0536205	0.198251	0.167138	0.286406	0.0389628	0.34899	0.153865	0.486103	0.564777	0.200419	0.368638	0.306073	0.625411	0.291163	0.191794	0.740423	0.768657	0.376905	0.780532	0.548113	0.0974607	0.404226	0.257073	0.466774	0.310588	0.545056	0.697338	
0.126769	0.475679	0.669001	0.74942	0.277493	0.503811	0.256067	0.392169	0.315686	0.817663	0.324513	0.485176	0.813404	0.206677	0.0720419	0.297231	0.350009	0.260723	0.156383	0.082589	0.42308	0.576788	0.425801	0.291959	0.125553	0.45307	0.474791	0.247393	0.57799	0.795067	0.182509	0.854657	0.437221	0.230178	0.175492	0.462359	0.256147	0.159784	0.355931	0.555993	
0.673202	0.893986	0.217368	0.769319	0.386979	0.416928	0.505009	0.791586	0.274436	0.747821	0.347851	0.130533	0.330106	0.60162	0.651025	0.812955	0.909367	0.690815	0.703338	0.627678	0.17022	0.219158	0.725943	0.876476	0.693879	0.319876	0.613889	0.466606	0.30574	0.335311	0.449023	0.489007	0.16961	0.733403	0.57843	0.667589	0.469495	0.427818	0.382729	0.220983	
0.781737	0.291506	0.827211	0.312991	0.596538	1.11116	0.919872	0.31349	0.740047	0.433292	0.907882	0.92215	0.905828	0.48168	0.650975	0.483259	0.580392	0.428438	0.797942	0.609351	0.79213	0.747167	0.260648	0.756338	0.754532	1.02154	0.31611	0.534299	1.11702	0.870819	0.811621	0.786378	0.891621	0.492877	0.858725	0.26972	0.906042	0.732474	0.962832	1.05365	
0.907316	0.454473	0.805652	0.210788	0.658788	1.18064	1.0164	0.459813	0.794852	0.316218	0.98078	0.958277	0.859217	0.592351	0.776338	0.634141	0.739252	0.55727	0.926876	0.730933	0.826677	0.739758	0.378124	0.906455	0.883761	1.08358	0.359546	0.611136	1.1661	0.823463	0.902975	0.710888	0.934708	0.631795	0.968438	0.342993	0.997932	0.819695	1.03877	1.09512	
0.0282046	0.52273	0.793219	0.864236	0.407928	0.536816	0.271972	0.45724	0.432332	0.938944	0.39123	0.581922	0.938391	0.311903	0.119351	0.318482	0.321046	0.338651	0.0322011	0.167613	0.537932	0.703073	0.516602	0.193554	0.0117552	0.510643	0.590133	0.376338	0.63718	0.921348	0.252991	0.984987	0.534229	0.277352	0.163967	0.568867	0.288786	0.26793	0.405005	0.630903	
0.322529	0.559771	0.457443	0.656627	0.110202	0.42593	0.277083	0.458878	0.106017	0.697575	0.222874	0.297181	0.602587	0.246333	0.273001	0.441221	0.530171	0.336767	0.354276	0.247273	0.212808	0.367874	0.433955	0.504501	0.333486	0.339014	0.401951	0.151189	0.446317	0.585907	0.162417	0.660076	0.252012	0.36157	0.279676	0.421758	0.250215	0.0833807	0.279362	0.399407	
0.672734	0.285369	0.672167	0.250483	0.440456	0.959791	0.783123	0.250488	0.582506	0.364061	0.757456	0.761498	0.759527	0.356405	0.54216	0.42233	0.539474	0.326678	0.693212	0.495994	0.631074	0.588994	0.147663	0.688206	0.65036	0.867141	0.154486	0.383786	0.959067	0.72527	0.671031	0.65853	0.731958	0.406455	0.732626	0.113073	0.766064	0.588968	0.813976	0.894018	
0.617522	0.390003	0.504226	0.255575	0.303797	0.824119	0.678328	0.314085	0.436756	0.327968	0.626444	0.603202	0.598554	0.303814	0.495652	0.452946	0.579465	0.320513	0.643297	0.446321	0.471646	0.419598	0.197639	0.68709	0.603531	0.725765	0.0311666	0.268402	0.808283	0.565268	0.562381	0.519348	0.577529	0.407687	0.647778	0.0983034	0.655801	0.477518	0.685343	0.738737	
0.684602	0.446329	0.487796	0.196934	0.350761	0.863777	0.733319	0.377624	0.47393	0.258478	0.670422	0.625815	0.567632	0.373557	0.56447	0.522306	0.648583	0.391219	0.71098	0.515115	0.494615	0.411976	0.258902	0.757984	0.671771	0.762429	0.0999814	0.32658	0.836955	0.533091	0.617082	0.468949	0.604763	0.478446	0.708921	0.158303	0.708987	0.532276	0.730039	0.763534	
0.337081	0.327397	0.963716	0.820759	0.557068	0.840401	0.577273	0.324937	0.646848	0.923466	0.674579	0.831635	1.10007	0.353863	0.280089	0.158627	0.0370871	0.295681	0.327781	0.294293	0.752242	0.865507	0.436644	0.169379	0.299644	0.801518	0.581002	0.488442	0.927572	1.07539	0.531292	1.09229	0.784173	0.214337	0.471395	0.528528	0.589172	0.508039	0.700028	0.907865	
0.69393	0.92296	0.231029	0.795268	0.415454	0.415486	0.518849	0.820515	0.300164	0.771379	0.360874	0.14199	0.333743	0.629616	0.675332	0.840273	0.935563	0.719032	0.723753	0.653026	0.197512	0.242494	0.755214	0.899239	0.715515	0.322445	0.642816	0.495126	0.296608	0.341967	0.468016	0.500914	0.185172	0.760641	0.595808	0.696752	0.483683	0.450578	0.392102	0.213369	
0.798888	0.380909	0.717513	0.175562	0.54559	1.06749	0.902622	0.367025	0.682928	0.296283	0.867183	0.850405	0.784431	0.481619	0.668415	0.541439	0.653767	0.452536	0.819503	0.622082	0.718759	0.645011	0.273011	0.810655	0.776666	0.971186	0.246633	0.497068	1.05589	0.748956	0.789009	0.654232	0.825228	0.530899	0.856142	0.229366	0.883944	0.70565	0.925015	0.986344	
0.82092	0.768378	0.199405	0.426872	0.420777	0.781101	0.761214	0.682676	0.447089	0.369545	0.636804	0.485318	0.229245	0.584713	0.735205	0.787601	0.910921	0.644818	0.852176	0.691549	0.388781	0.190935	0.574249	0.964665	0.823663	0.674086	0.410343	0.463409	0.697785	0.193681	0.659138	0.157815	0.491843	0.722301	0.786115	0.479361	0.727496	0.590289	0.692026	0.612955	
0.68054	0.80959	0.106143	0.63248	0.327407	0.527784	0.557247	0.70953	0.264906	0.606957	0.411751	0.227966	0.249144	0.541611	0.631317	0.75845	0.866666	0.625132	0.712075	0.598951	0.167172	0.07804	0.629402	0.86506	0.694313	0.422915	0.499763	0.401763	0.435556	0.240517	0.475721	0.367841	0.244231	0.681257	0.609434	0.559335	0.521433	0.429941	0.459788	0.350503	
