10	50
1.29779	36.6699
19.7028	64.5996
57.2437	110.222
2.39083	156.653
81.4717	136.235
70.7743	60.7802
25.9636	20.3064
54.0056	85.9316
27.6059	159.592
72.5091	40.7323
1.69191
3.34435
10.4715
2.2072
11.9078
8.2488
10.6516
7.94734
4.53177
6.62732
8.59145
7.13268
6.89125
2.31122
0.149592
0.433006
5.07829
1.85055
1.4435
10.625
8.36162
4.03902
7.45359
9.34126
8.97462
7.00561
0.602214
8.94881
5.16675
1.36499
2.21917
5.9088
3.38871
5.35834
3.98785
0.200463
11.1598
9.63619
3.33497
5.20154
2.728
9.04372
3.90888
7.01831
4.82409
10.0893
11.0801
11.3418
2.06379
4.68552
1.00213	0.665896	1.19435	0.772576	0.999643	0.561833	0.614918	0.328191	1.05411	0.510416	0.922115	0.294078	0.700667	0.434711	0.648613	0.42703	0.959611	0.263768	1.17329	0.842695	0.943199	0.0162116	1.01743	0.264914	0.923193	0.201186	0.81587	0.962252	0.105936	0.592419	0.631477	0.827141	0.568439	0.794366	0.474996	0.82278	0.95218	0.471797	0.789154	0.30366	0.579869	0.5545	0.0861991	0.448042	1.209	0.795903	0.816698	0.187166	0.547442	0.661468	
0.71526	0.338598	0.990463	0.830985	0.954302	0.588483	0.340393	0.506802	0.817858	0.554785	0.723121	0.394445	0.632919	0.31249	0.593644	0.0986539	0.972861	0.0664755	0.971228	0.751961	0.629767	0.313356	0.925477	0.146024	0.846246	0.248908	0.727562	0.660394	0.253586	0.34066	0.647988	0.557389	0.491867	0.703133	0.480417	0.578698	0.647237	0.143742	0.467393	0.138373	0.356063	0.225979	0.253238	0.130106	1.03623	0.716833	0.56471	0.374443	0.370392	0.6532	
0.574666	0.574931	0.588928	0.41259	0.43403	0.234291	0.348977	0.459278	0.500897	0.258901	0.333854	0.374138	0.119808	0.216591	0.106505	0.521846	0.484056	0.543225	0.567267	0.22956	0.635362	0.61642	0.405509	0.422851	0.322984	0.430444	0.204532	0.597117	0.529804	0.296774	0.237915	0.406718	0.0705956	0.180237	0.207773	0.341071	0.602397	0.550619	0.58682	0.402121	0.24171	0.556972	0.622367	0.472262	0.584149	0.193795	0.355817	0.482259	0.173065	0.204019	
0.365432	0.0974546	0.769161	1.00479	0.981999	0.788031	0.250185	0.849823	0.563792	0.782157	0.565705	0.72336	0.710824	0.504273	0.701793	0.334594	1.07142	0.498718	0.755921	0.761888	0.219078	0.741574	0.894207	0.515142	0.85228	0.62503	0.747745	0.279062	0.66951	0.304006	0.819126	0.301655	0.618078	0.72651	0.699511	0.379205	0.258972	0.297504	0.0479106	0.479406	0.359626	0.213185	0.685303	0.309607	0.861671	0.752843	0.352498	0.75577	0.440133	0.795817	
0.437278	0.635939	0.332841	0.549078	0.387069	0.459164	0.422415	0.713546	0.277818	0.49744	0.105176	0.629954	0.261763	0.440596	0.303062	0.67558	0.519286	0.744244	0.311172	0.194233	0.563068	0.858948	0.279773	0.640758	0.258855	0.67178	0.197811	0.497711	0.76964	0.390233	0.431914	0.332636	0.326377	0.191643	0.46068	0.24625	0.511776	0.688904	0.5883	0.611749	0.356641	0.66423	0.855024	0.619986	0.336957	0.219931	0.272949	0.736224	0.342191	0.381554	
0.853143	0.935911	0.665475	0.169204	0.167063	0.296654	0.708471	0.570608	0.690118	0.348469	0.524828	0.564406	0.242448	0.543545	0.265743	0.870174	0.122624	0.85783	0.647003	0.226456	0.956984	0.850046	0.271193	0.727668	0.194788	0.689379	0.22573	0.902377	0.780471	0.657345	0.227014	0.71911	0.367113	0.239425	0.392102	0.63694	0.913081	0.903784	0.937077	0.719106	0.60289	0.916883	0.882348	0.824626	0.587221	0.209744	0.659799	0.675378	0.533569	0.20385	
0.937886	0.850156	0.903209	0.219703	0.506011	0.130404	0.653616	0.238438	0.854228	0.117744	0.680633	0.276665	0.323729	0.399048	0.283052	0.703027	0.419456	0.632108	0.882088	0.442238	0.982414	0.550458	0.57781	0.506888	0.481232	0.428116	0.420674	0.953451	0.499409	0.600893	0.157581	0.764749	0.307452	0.411783	0.199934	0.704539	0.956325	0.747562	0.902653	0.515515	0.548359	0.790478	0.598891	0.673697	0.860373	0.393546	0.717608	0.368542	0.466609	0.209737	
1.04619	1.10535	0.841434	0.156782	0.295527	0.395217	0.881401	0.609711	0.88097	0.435053	0.717598	0.642355	0.419206	0.685132	0.428224	1.01361	0.122839	0.976384	0.824268	0.419523	1.14647	0.92266	0.431549	0.846055	0.376049	0.786243	0.418846	1.09387	0.866507	0.828676	0.335746	0.908897	0.5215	0.43161	0.50303	0.827965	1.10401	1.0517	1.11769	0.8449	0.773091	1.07477	0.967621	0.972981	0.750088	0.401789	0.850185	0.741005	0.698012	0.340873	
0.482078	0.829854	0.0885206	0.740065	0.465047	0.712507	0.64898	0.982829	0.240132	0.756861	0.243415	0.905337	0.510729	0.715925	0.560134	0.920299	0.636234	1.00801	0.074545	0.389139	0.655114	1.13544	0.324026	0.911986	0.384913	0.948413	0.408808	0.573548	1.04576	0.63068	0.671448	0.482857	0.600337	0.417377	0.7306	0.4163	0.594324	0.925208	0.743951	0.880911	0.609814	0.884796	1.12904	0.864432	0.078394	0.435977	0.440074	1.01295	0.611365	0.619267	
0.655416	0.270578	0.948911	0.849656	0.949351	0.607439	0.290167	0.555075	0.769977	0.578582	0.685867	0.437126	0.629981	0.315914	0.594993	0.0311803	0.980049	0.134441	0.930269	0.740521	0.563839	0.380701	0.910643	0.189458	0.836067	0.300414	0.717243	0.597089	0.317369	0.2989	0.66281	0.503593	0.492734	0.692736	0.500152	0.531877	0.583233	0.0792867	0.399994	0.168862	0.323311	0.158632	0.321269	0.0697487	1.00157	0.708904	0.515893	0.43012	0.351868	0.662709	
