10	50
48.4244	158.917
53.4749	69.0708
36.862	97.1693
1.66745	33.4143
71.6308	124.889
24.1121	144.577
46.1002	151.123
54.0624	30.0529
73.6525	67.0172
21.8276	159.683
16.5163
2.72549
18.1284
16.7338
6.65027
3.89466
11.8008
15.7812
2.95092
8.6865
4.7835
19.763
4.8824
12.305
1.94711
4.91497
14.5043
9.23097
5.84435
10.6472
9.04398
7.89802
11.013
7.99748
0.904813
3.253
7.57137
2.13078
2.0285
18.3627
18.595
19.4358
18.1559
6.63148
13.6879
13.2888
14.6053
20.4812
0.486734
6.02267
18.848
13.0038
17.2908
8.25035
10.6669
17.4035
10.2795
13.6804
3.99946
10.2481
0.630064	0.359684	0.712393	0.344386	0.523255	0.137561	0.401763	0.460354	0.394327	0.78633	0.0708321	0.361602	0.301178	0.23134	0.374505	0.147896	0.412598	0.738446	0.514094	0.543186	0.104612	0.123831	0.512574	0.547512	0.150759	0.535606	0.505992	0.729664	0.457736	0.313259	0.258165	0.299923	0.788932	0.789401	0.35852	0.349484	0.277237	0.555015	0.285578	0.320585	0.70933	0.74252	0.394169	0.105078	0.20855	0.456496	0.525573	0.11064	0.416757	0.600448	
0.185078	0.750069	0.738774	0.778335	0.539254	0.54329	0.60984	0.997384	0.555279	0.152046	0.714423	1.02794	0.379396	0.900504	0.440331	0.826166	0.669779	0.087957	0.168535	0.695776	0.637333	0.659692	0.739212	0.135116	0.705028	0.177449	0.474863	0.0521451	0.730898	0.385997	0.938058	0.462659	0.125935	0.122615	0.386933	0.586235	0.957434	0.557613	0.965261	0.5537	0.509635	0.221847	0.822251	0.754756	0.542911	1.03893	0.381986	0.599344	0.375301	0.68457	
0.474321	0.294237	0.136752	0.336155	0.918318	0.515921	0.176739	0.522639	0.832038	0.802518	0.540471	0.726972	0.498771	0.767978	0.286722	0.68065	0.18337	0.738459	0.539778	0.0739011	0.473727	0.458935	1.01439	0.597131	0.456872	0.488471	0.866211	0.695179	0.970786	0.429175	0.747418	0.342457	0.674604	0.765491	0.663002	0.229445	0.754339	0.0931626	0.742418	0.771453	0.245418	0.521559	0.338425	0.680865	0.658788	0.598178	0.818421	0.60985	0.319065	0.0351406	
0.137233	0.712109	0.691092	0.741625	0.560557	0.5239	0.568551	0.96213	0.565909	0.198699	0.69166	1.00354	0.360501	0.88542	0.401817	0.808537	0.628524	0.134938	0.147698	0.650563	0.612356	0.633126	0.754663	0.130885	0.677075	0.140452	0.495542	0.0921627	0.742845	0.359201	0.919592	0.429389	0.128419	0.163902	0.388378	0.547249	0.93845	0.511057	0.945067	0.558069	0.462112	0.183287	0.78431	0.7405	0.536543	1.00606	0.40472	0.586145	0.335839	0.637979	
0.0346589	0.648011	0.574598	0.682032	0.65737	0.528499	0.492767	0.90537	0.64242	0.317167	0.681079	0.983027	0.375683	0.89393	0.344893	0.810974	0.551679	0.256099	0.193372	0.553152	0.596863	0.611931	0.837976	0.214269	0.650217	0.138194	0.592346	0.206563	0.819145	0.350194	0.917966	0.392504	0.176487	0.272063	0.45174	0.482391	0.935074	0.406527	0.938035	0.621577	0.336825	0.0844176	0.71922	0.753709	0.575726	0.957491	0.50681	0.606034	0.279083	0.531786	
0.0751367	0.540752	0.508941	0.573927	0.624377	0.430531	0.388609	0.797095	0.588718	0.386255	0.576187	0.875079	0.287904	0.793993	0.235539	0.709322	0.448195	0.322172	0.158327	0.462611	0.491219	0.504877	0.786995	0.205024	0.541997	0.0910103	0.561119	0.279942	0.761846	0.251141	0.814515	0.284024	0.277611	0.351153	0.393581	0.374797	0.831048	0.323489	0.833003	0.557259	0.301983	0.180717	0.612352	0.656594	0.495138	0.848296	0.485143	0.513814	0.169571	0.450444	
0.666958	0.597925	0.907481	0.588018	0.303248	0.254929	0.602403	0.705201	0.172794	0.710055	0.318994	0.550516	0.332965	0.332606	0.510768	0.306325	0.628643	0.6786	0.507935	0.751052	0.329577	0.359006	0.264677	0.515652	0.396277	0.556486	0.307849	0.687609	0.211426	0.388598	0.401501	0.438423	0.77103	0.730974	0.260742	0.546599	0.423477	0.724851	0.444544	0.1147	0.844286	0.779062	0.639543	0.216858	0.124481	0.692401	0.362782	0.165697	0.524059	0.798435	
0.555068	0.336718	0.660234	0.330148	0.504271	0.0679154	0.349881	0.479951	0.381626	0.721201	0.108738	0.42217	0.230824	0.306597	0.303085	0.222422	0.36955	0.671276	0.442843	0.49614	0.0694881	0.101703	0.52484	0.478852	0.147661	0.461772	0.478261	0.660206	0.473249	0.238413	0.330964	0.227541	0.71656	0.72159	0.310199	0.295212	0.349236	0.493091	0.355494	0.308066	0.64064	0.667369	0.383099	0.175223	0.185451	0.488515	0.485277	0.0976985	0.342614	0.548953	
0.469616	0.146821	0.378246	0.178915	0.725479	0.285416	0.0673845	0.402246	0.622745	0.747699	0.298083	0.524926	0.321153	0.529588	0.163507	0.440845	0.0951031	0.685988	0.450337	0.213198	0.229781	0.215371	0.792261	0.505953	0.218887	0.426195	0.681992	0.65496	0.744776	0.261951	0.517025	0.159985	0.671373	0.726185	0.479987	0.0232243	0.526697	0.233043	0.518539	0.555673	0.409655	0.559931	0.219002	0.436865	0.435581	0.457089	0.653803	0.373774	0.229839	0.26644	
0.507213	0.522412	0.14192	0.563791	1.06872	0.71536	0.399897	0.735243	1.00094	0.835581	0.763396	0.955291	0.660399	0.994173	0.456343	0.90591	0.412899	0.775036	0.631571	0.292759	0.69133	0.68015	1.19291	0.682497	0.682723	0.567323	1.01035	0.725144	1.15458	0.592239	0.976161	0.52721	0.672868	0.787635	0.81587	0.447424	0.983487	0.242284	0.971868	0.948492	0.182114	0.503269	0.56065	0.899487	0.846504	0.814427	0.947097	0.812304	0.459523	0.22304	
