10	20
14.6782	133.813
1.28665	66.5449
31.3204	10.6613
129.564	73.422
115.566	134.286
91.5989	55.3378
53.9214	95.6212
48.2575	70.3521
116.854	32.4207
18.8936	68.1456
4.20672
26.2252
11.8067
11.8112
14.5744
29.4724
30.7643
14.7273
18.0565
20.2964
14.3617
16.9002
12.4137
1.39781
29.021
29.2518
30.0418
29.6744
13.3099
11.9892
0.515116	0.376951	0.466025	0.165794	0.5309	0.570992	0.314178	0.551942	0.610092	0.263454	0.553215	0.391888	0.316256	0.533883	0.399773	0.324716	0.305491	0.267951	0.283499	0.204835	
0.51411	0.312492	0.448617	0.0765911	0.60226	0.68425	0.420206	0.652043	0.679179	0.354425	0.654788	0.322367	0.265845	0.636237	0.318815	0.43644	0.268996	0.256126	0.396744	0.105783	
0.435414	0.558727	0.417883	0.292523	0.584394	0.452037	0.152294	0.527674	0.435633	0.0811988	0.523193	0.439243	0.496231	0.360181	0.46556	0.260482	0.318439	0.436073	0.189237	0.379931	
0.909617	0.383303	0.86407	0.521337	0.192119	0.594771	0.535834	0.372194	0.916091	0.566379	0.385486	0.767096	0.327846	0.72307	0.761879	0.377279	0.699709	0.237224	0.420383	0.438277	
0.80566	0.508449	0.777921	0.502083	0.212755	0.394596	0.359467	0.227762	0.743826	0.415825	0.234551	0.733936	0.440139	0.52719	0.741636	0.180822	0.639404	0.338085	0.237705	0.473598	
0.57869	0.610904	0.571676	0.422875	0.475531	0.303011	0.0924307	0.377989	0.476769	0.164023	0.371531	0.596717	0.541673	0.293433	0.620348	0.110064	0.477858	0.458219	0.034151	0.47444	
1.10576	0.655057	1.07583	0.771438	0.0944018	0.556141	0.642627	0.257792	1.02002	0.712058	0.274933	1.01356	0.602914	0.768437	1.01475	0.451022	0.929413	0.512768	0.522035	0.70678	
0.187807	0.62646	0.117571	0.26805	0.874107	0.760077	0.450662	0.850117	0.484974	0.341292	0.846645	0.169585	0.591441	0.592599	0.215443	0.585339	0.0734378	0.586723	0.514641	0.409037	
0.610846	0.359168	0.566154	0.255843	0.428522	0.527628	0.319921	0.465136	0.662218	0.303954	0.468312	0.491984	0.290372	0.539676	0.49678	0.268622	0.408226	0.213956	0.250375	0.244711	
0.182588	0.89517	0.186666	0.551857	1.17043	0.993022	0.69728	1.12845	0.55855	0.592291	1.12305	0.342302	0.870664	0.775395	0.380334	0.859712	0.353645	0.878438	0.785105	0.685038	
