15	50
68.1966	92.8417
0.664653	75.5455
46.5946	121.803
26.8564	149.028
68.0068	29.8379
80.4758	73.2458
34.8953	37.2756
72.0922	75.558
45.7582	157.125
85.1135	123.651
51.6158	103.352
14.4767	32.3094
56.2731	98.7176
83.3387	72.417
30.6614	144.779
8.48124
12.67
5.57924
1.57879
14.1714
2.63404
14.5409
3.03631
15.8551
10.9989
10.0733
14.6597
3.81266
18.6286
18.3294
15.9247
4.59521
8.28213
11.6471
9.16199
16.3174
3.66681
1.89395
12.7737
9.51837
6.99069
12.7973
11.5984
12.5809
16.2971
18.5096
4.63276
8.68982
5.49837
2.32931
11.6033
14.2166
17.0288
3.18005
13.4756
1.46092
10.8261
1.9155
4.74135
12.9456
1.7778
11.1141
0.571593
8.70348
0.178887
0.770489	0.63465	0.257283	0.806882	0.773802	0.253544	1.10592	0.553179	0.56219	0.345529	0.405131	1.08608	1.1289	0.0784877	0.620969	0.51852	0.447479	0.382926	0.779454	0.159039	0.694983	0.835064	0.616273	0.636221	1.08263	0.743898	0.668335	0.643566	0.79078	0.315104	0.917763	0.0308684	0.0985152	0.846392	0.591082	0.931267	0.529049	0.817453	0.0993206	0.621137	0.582078	0.198607	0.214762	0.387081	0.725072	0.322082	0.59595	0.824067	0.804728	0.678836	
0.0580919	0.340869	0.572388	0.216894	0.478425	0.920977	0.580614	0.87768	0.516827	0.462708	0.469849	0.626969	0.632353	0.726343	0.597262	0.971286	0.383005	0.482609	0.592402	0.649571	0.302558	0.464665	0.893267	0.233454	0.599533	0.595793	0.143598	0.672304	0.162945	0.820631	0.761122	0.774309	0.823481	0.396896	0.988437	0.389062	0.306176	0.0890026	0.721808	0.42554	0.327044	0.70385	0.619163	0.691698	0.306779	0.704444	0.439208	0.0193518	1.04204	0.268947	
0.293711	0.468927	0.415027	0.252872	0.663919	0.75643	0.88128	0.85547	0.5752	0.305577	0.411523	0.907161	0.926523	0.491673	0.674211	0.906721	0.139135	0.407091	0.750173	0.40951	0.130051	0.685171	0.894332	0.115951	0.886411	0.735344	0.220253	0.74365	0.445511	0.707674	0.932496	0.534845	0.619043	0.642595	0.949975	0.677317	0.31642	0.311911	0.467313	0.533579	0.0231596	0.547722	0.351187	0.632348	0.506245	0.611276	0.52872	0.365799	1.078	0.440729	
1.02461	0.675636	0.646161	1.16189	0.608014	0.512982	0.877531	0.181592	0.498943	0.729802	0.616077	0.807301	0.862168	0.72438	0.423032	0.229397	0.893139	0.619875	0.505375	0.755422	1.12536	0.667775	0.132666	1.01365	0.827668	0.477312	0.95598	0.352021	0.885116	0.411946	0.475796	0.728676	0.632094	0.736797	0.151696	0.827814	0.748452	1.0855	0.773034	0.592163	1.0287	0.563151	0.822283	0.403638	0.731783	0.446259	0.576517	1.02815	0.0831274	0.750074	
0.505593	0.151909	0.424094	0.663022	0.11031	0.637251	0.450731	0.440941	0.107419	0.409393	0.282325	0.421499	0.466881	0.606906	0.124965	0.560961	0.511859	0.303784	0.142931	0.572412	0.66763	0.177646	0.4371	0.550375	0.420903	0.125969	0.461626	0.194144	0.341601	0.494143	0.323865	0.644746	0.623223	0.217953	0.553135	0.315692	0.293499	0.564095	0.635837	0.0759965	0.601283	0.478204	0.59994	0.340431	0.186564	0.392122	0.0861287	0.494672	0.562374	0.216362	
0.478395	0.206787	0.190657	0.597133	0.337584	0.460685	0.667106	0.409523	0.144008	0.192276	0.0560579	0.648846	0.690501	0.375671	0.234798	0.489079	0.334133	0.0736304	0.364719	0.338808	0.553952	0.39666	0.439939	0.442663	0.644222	0.335172	0.395327	0.293689	0.404049	0.341012	0.531198	0.41576	0.409561	0.409152	0.514654	0.497791	0.185514	0.538626	0.402633	0.18233	0.459895	0.26551	0.369523	0.206832	0.298787	0.223902	0.157541	0.501543	0.618529	0.268122	
0.27532	0.598554	0.649524	0.110662	0.773792	0.997457	0.906195	1.06561	0.745566	0.534546	0.617411	0.952611	0.958249	0.734953	0.840692	1.13019	0.375423	0.61859	0.878682	0.65288	0.114536	0.773888	1.09726	0.21481	0.925467	0.873291	0.288782	0.914971	0.48102	0.939778	1.05715	0.777705	0.862275	0.712895	1.16667	0.714399	0.482134	0.241827	0.709385	0.678369	0.228694	0.785285	0.593177	0.848949	0.599885	0.836757	0.682121	0.331697	1.27075	0.544092	
0.712973	0.414146	0.713531	0.882006	0.217989	0.866351	0.29755	0.570913	0.385158	0.704834	0.576632	0.222312	0.277023	0.890379	0.323784	0.703476	0.798547	0.597545	0.163229	0.863136	0.918183	0.209501	0.53314	0.804894	0.245171	0.198685	0.701308	0.325171	0.510723	0.717076	0.123275	0.92446	0.886676	0.27841	0.663459	0.324859	0.574212	0.762187	0.923184	0.364946	0.870187	0.74668	0.89432	0.576451	0.384638	0.639064	0.380774	0.676284	0.558386	0.445985	
0.737162	0.389083	0.591976	0.898316	0.239748	0.690187	0.476269	0.379321	0.278626	0.61193	0.475956	0.409232	0.464073	0.753234	0.186462	0.511716	0.736723	0.493317	0.122403	0.73996	0.90528	0.283897	0.34102	0.787956	0.42741	0.115293	0.698827	0.152844	0.556079	0.541832	0.122657	0.781573	0.729071	0.359494	0.471412	0.440501	0.526927	0.793862	0.791588	0.312131	0.836107	0.597054	0.782891	0.41336	0.403929	0.47855	0.314478	0.718292	0.386994	0.447886	
0.49972	0.538216	0.296239	0.484634	0.728421	0.578209	1.00626	0.76134	0.574578	0.24087	0.377041	1.01439	1.04399	0.290585	0.667853	0.780991	0.171901	0.360933	0.786142	0.216522	0.357151	0.768907	0.81223	0.331446	0.999961	0.761274	0.405718	0.723865	0.600082	0.567261	0.960652	0.326478	0.426055	0.747138	0.837998	0.805828	0.379618	0.53083	0.255044	0.574042	0.253137	0.397698	0.144652	0.539501	0.606133	0.497551	0.558794	0.567206	1.00605	0.542404	
0.674754	0.608319	0.25065	0.687428	0.773946	0.396997	1.08938	0.655127	0.57915	0.288239	0.392016	1.08115	1.11893	0.112327	0.655535	0.642141	0.338067	0.369875	0.801815	0.100866	0.566355	0.827982	0.714559	0.523043	1.073	0.769839	0.573948	0.693358	0.729887	0.42856	0.958281	0.127844	0.238505	0.825567	0.709704	0.901072	0.474817	0.71529	0.0632628	0.615195	0.457007	0.273371	0.0969845	0.45725	0.692636	0.398629	0.593102	0.735348	0.908322	0.63745	
0.787565	0.542743	0.253882	0.872044	0.627081	0.122677	0.967733	0.30459	0.410685	0.370581	0.337892	0.931843	0.980459	0.252642	0.436716	0.277262	0.528971	0.323285	0.600806	0.301699	0.789392	0.695119	0.368374	0.700268	0.93517	0.562492	0.69173	0.437401	0.741649	0.0658519	0.711024	0.251413	0.157132	0.726751	0.345485	0.821447	0.499961	0.844175	0.301766	0.497962	0.677112	0.119415	0.374498	0.182058	0.633437	0.125417	0.471072	0.823535	0.555467	0.606746	
0.705409	0.390354	0.672414	0.873279	0.198466	0.816795	0.338814	0.520774	0.343986	0.669287	0.53871	0.267704	0.322614	0.846912	0.277056	0.653372	0.770201	0.55909	0.121558	0.822199	0.90208	0.206436	0.483849	0.787243	0.287994	0.153951	0.686654	0.275148	0.507141	0.667529	0.0976282	0.880032	0.839729	0.280944	0.614253	0.340727	0.547572	0.756968	0.8808	0.333681	0.848663	0.700772	0.855763	0.528172	0.37155	0.591276	0.347059	0.673354	0.516412	0.429545	
0.649829	0.349984	0.659648	0.818585	0.153551	0.831789	0.288183	0.555471	0.333003	0.645548	0.519668	0.225733	0.279805	0.839409	0.282754	0.687788	0.735282	0.541031	0.118685	0.80873	0.853402	0.146973	0.524111	0.740017	0.240631	0.157217	0.636635	0.297578	0.44886	0.682909	0.162052	0.875028	0.84263	0.219084	0.654275	0.276202	0.510584	0.699875	0.870558	0.303938	0.805419	0.700534	0.837301	0.53743	0.320003	0.598131	0.321256	0.614848	0.572078	0.38111	
0.23033	0.167409	0.497757	0.399153	0.282537	0.81654	0.440889	0.713533	0.346142	0.412281	0.362759	0.468527	0.485957	0.676893	0.414688	0.819136	0.408398	0.381741	0.396556	0.611883	0.446407	0.27343	0.721074	0.341905	0.446405	0.401132	0.23058	0.48802	0.0492752	0.696526	0.565845	0.72366	0.747395	0.212879	0.826216	0.23678	0.224248	0.282162	0.685727	0.246355	0.423413	0.611129	0.603551	0.552746	0.111786	0.579866	0.265458	0.202836	0.857627	0.0926715	
