15	30
36.5913	143.393
158.4	88.6983
105.771	92.9266
31.3775	71.5157
161.02	141.973
71.8486	93.6921
86.0019	109.034
2.53677	83.469
97.0916	47.7078
9.54454	35.9051
6.61708	60.9474
65.8561	32.6068
16.4729	59.6779
171.638	122.414
121.828	131.8
17.4065
41.093
41.163
35.2294
10.8183
18.3321
5.82653
29.1462
12.1881
9.27549
17.5961
30.4488
11.9752
2.98771
26.9913
32.1009
20.9018
31.0215
5.95326
10.9118
1.1904
14.8823
38.5406
21.4908
11.3925
37.9656
32.6379
40.6175
16.4731
31.3226
0.350804	0.5181	0.208877	0.566578	0.732896	0.538568	0.782824	0.292835	0.620606	0.592258	0.757014	0.431011	0.852695	0.244637	0.713099	0.712143	0.0970333	0.890135	0.758031	0.418028	0.705246	0.826547	0.648726	0.166392	0.273643	0.701148	0.144716	0.606294	0.61914	0.590844	
0.336053	0.238573	0.875128	0.12691	0.780469	0.346041	0.701447	0.397412	0.0949481	0.290782	0.472603	0.588629	0.458423	0.927438	0.743807	0.183729	0.59609	0.394644	0.731367	0.402808	0.473669	0.52976	0.305256	0.557521	0.720195	0.135049	0.620103	0.656389	0.613531	0.501395	
0.519508	0.661222	0.0322045	0.72676	0.747026	0.655965	0.825727	0.452658	0.790645	0.770417	0.851415	0.588915	0.958724	0.146964	0.735236	0.855179	0.255137	1.01243	0.789663	0.533544	0.795792	0.91521	0.771342	0.343492	0.265851	0.850482	0.310793	0.642544	0.669018	0.669793	
0.163503	0.365035	0.404334	0.385405	0.73255	0.423413	0.746056	0.134501	0.426404	0.398152	0.658127	0.316116	0.734748	0.431245	0.70509	0.550545	0.132451	0.750452	0.736007	0.321518	0.614327	0.731587	0.517953	0.0686496	0.368159	0.531428	0.132311	0.591094	0.586389	0.524165	
0.408171	0.266987	0.934927	0.187054	0.764511	0.350344	0.672004	0.461072	0.184899	0.378309	0.430008	0.678241	0.395987	0.996992	0.727922	0.136588	0.660518	0.318238	0.707979	0.43068	0.441351	0.478888	0.280998	0.633993	0.760954	0.0960054	0.697571	0.650668	0.603643	0.49205	
0.594423	0.640938	0.276466	0.745467	0.501135	0.580374	0.608675	0.513491	0.84079	0.889026	0.709891	0.803571	0.829925	0.432931	0.499215	0.813571	0.384879	0.912082	0.56101	0.478085	0.652726	0.758974	0.691309	0.519737	0.155031	0.82578	0.520336	0.433904	0.476297	0.522285	
0.610451	0.39301	1.02768	0.427043	0.581323	0.357271	0.451445	0.623279	0.495664	0.696614	0.214744	0.954735	0.102444	1.1309	0.549406	0.239561	0.796686	0.0201297	0.504692	0.479967	0.265178	0.211415	0.244441	0.825504	0.791017	0.283418	0.888783	0.521632	0.467962	0.387798	
0.547614	0.698625	0.0576987	0.759154	0.794347	0.698189	0.873401	0.484343	0.818306	0.787494	0.896763	0.58707	1.00304	0.100707	0.782776	0.893044	0.284967	1.05462	0.83732	0.575548	0.841389	0.96112	0.813077	0.358304	0.313516	0.886679	0.318178	0.690224	0.716533	0.716032	
0.706136	0.744993	0.34193	0.852888	0.529895	0.676305	0.652672	0.625173	0.950308	1.0009	0.784626	0.908041	0.90631	0.491009	0.535574	0.911781	0.493359	0.995604	0.59961	0.580484	0.72846	0.827229	0.783724	0.6266	0.266445	0.926732	0.622774	0.491028	0.539039	0.600985	
0.406309	0.188036	0.839688	0.241709	0.533452	0.172007	0.437119	0.418542	0.335129	0.528718	0.199567	0.758585	0.204674	0.934166	0.497144	0.0983482	0.596533	0.198828	0.473936	0.290343	0.206469	0.25839	0.0600402	0.620472	0.619597	0.142653	0.683877	0.429529	0.379182	0.271621	
0.333955	0.263115	0.521883	0.385477	0.360596	0.179257	0.367906	0.274649	0.49738	0.6125	0.340323	0.68269	0.450297	0.642834	0.330169	0.415012	0.34422	0.517449	0.35698	0.104918	0.284774	0.40487	0.289505	0.436332	0.276679	0.432561	0.484643	0.216381	0.207117	0.162743	
0.564446	0.589308	0.327108	0.699274	0.431418	0.520156	0.536329	0.483713	0.799377	0.862244	0.639668	0.804489	0.760268	0.483498	0.42807	0.755378	0.381418	0.844941	0.489339	0.424429	0.582691	0.687449	0.628616	0.518152	0.133027	0.770272	0.52772	0.361133	0.403788	0.452889	
0.27318	0.183211	0.810269	0.0630105	0.73958	0.299471	0.669551	0.332687	0.0772503	0.274935	0.453217	0.54816	0.456025	0.86428	0.703107	0.184189	0.531639	0.40819	0.695303	0.344216	0.446734	0.515887	0.278107	0.497014	0.656704	0.139817	0.560228	0.610651	0.570436	0.459311	
0.249702	0.156993	0.783711	0.0346639	0.717131	0.275964	0.650555	0.30657	0.0920028	0.280472	0.439968	0.539174	0.449994	0.839906	0.680767	0.183695	0.505871	0.409439	0.674678	0.316533	0.43038	0.504648	0.262993	0.475247	0.628391	0.143504	0.538882	0.586644	0.547421	0.436907	
0.130493	0.348732	0.512429	0.331374	0.79773	0.436337	0.793309	0.162943	0.345188	0.28839	0.670761	0.247664	0.731171	0.523328	0.767488	0.513828	0.24466	0.728823	0.790975	0.35801	0.63399	0.744611	0.512187	0.1436	0.473827	0.486148	0.199115	0.653687	0.640757	0.563046	
