10	30
122.986	69.9742
108.564	50.5735
166.887	33.9398
129.492	68.8358
1.29238	57.622
108.971	108.18
101.465	64.5717
130.367	53.59
7.14958	51.542
2.47219	32.8802
12.6171
9.51906
1.11841
11.6223
1.1786
7.68105
4.42339
13.9623
0.80299
14.0148
0.479504
10.2832
11.4289
6.25732
5.12805
5.24791
15.4298
2.56209
7.91486
0.439468
2.73605
1.29878
5.20884
7.66541
3.76433
5.07746
11.9118
2.54094
10.8325
4.08917
1.0395	0.178165	0.740428	0.664444	0.644564	0.126789	0.435362	0.597046	0.664857	0.515895	0.776781	0.47046	0.840091	0.800919	0.683806	0.671392	0.848048	0.129657	0.249833	0.452398	0.74024	0.665348	0.0898894	0.338866	0.148202	0.281644	0.837813	0.545906	0.24811	0.740407	
0.722194	0.512702	0.736482	0.191649	0.749323	0.404341	0.0738929	0.0947786	0.596746	0.193851	0.774617	0.743375	1.00571	0.473497	0.213543	0.363227	0.89051	0.375211	0.334528	0.739912	0.308935	0.724234	0.553954	0.165083	0.455309	0.286565	0.875879	0.416711	0.745207	0.401281	
0.882713	0.408412	0.78673	0.382762	0.758954	0.227805	0.153858	0.284987	0.662044	0.178982	0.826295	0.688229	1.0039	0.629407	0.341059	0.504868	0.930853	0.216746	0.141807	0.678944	0.49245	0.749788	0.412585	0.0969202	0.344658	0.235758	0.917257	0.487313	0.592321	0.557679	
1.02766	0.159376	0.72269	0.661321	0.625878	0.138222	0.434653	0.596803	0.648597	0.523273	0.758906	0.451764	0.821167	0.790563	0.687763	0.661509	0.829527	0.133223	0.261383	0.433817	0.73439	0.647046	0.0740407	0.338983	0.131643	0.273325	0.819348	0.532311	0.243502	0.730906	
0.693714	0.238104	0.349311	0.525951	0.292535	0.430295	0.412803	0.532993	0.268936	0.62057	0.38752	0.282249	0.538954	0.492228	0.688952	0.385908	0.476017	0.372042	0.499479	0.285678	0.531265	0.290308	0.356792	0.379042	0.249197	0.231338	0.463646	0.197661	0.507689	0.454456	
1.05019	0.324325	0.84066	0.595785	0.769902	0.0645339	0.358008	0.505655	0.741474	0.368826	0.879223	0.628241	0.98681	0.799666	0.556244	0.669095	0.965388	0.119963	0.088992	0.612496	0.694506	0.779348	0.2653	0.265422	0.270041	0.297846	0.953648	0.591285	0.407165	0.731654	
0.68806	0.720486	0.852621	0.157465	0.897941	0.609812	0.284013	0.124924	0.70775	0.287711	0.887521	0.930416	1.15476	0.473403	0.115106	0.410261	1.00889	0.585047	0.524865	0.929663	0.26419	0.861944	0.765596	0.376471	0.664902	0.490686	0.99387	0.541448	0.95679	0.412343	
0.818074	0.191921	0.391762	0.661137	0.275861	0.442823	0.521183	0.656858	0.360361	0.710823	0.423995	0.152309	0.479747	0.629833	0.804619	0.527489	0.481351	0.392827	0.538665	0.150027	0.672792	0.30433	0.30223	0.467259	0.237543	0.314861	0.472072	0.335569	0.408991	0.595333	
0.527179	0.45744	0.15071	0.560944	0.204122	0.644691	0.540458	0.611458	0.0530518	0.7629	0.189895	0.377101	0.449615	0.388947	0.77907	0.336171	0.303417	0.585157	0.698768	0.393157	0.513868	0.153812	0.576866	0.541556	0.471462	0.417756	0.288781	0.17277	0.713203	0.384218	
0.530129	0.576246	0.0203599	0.685917	0.180514	0.782785	0.685201	0.746941	0.133971	0.907946	0.0464246	0.422496	0.360179	0.460809	0.914841	0.443941	0.168303	0.723882	0.842628	0.443339	0.621718	0.11848	0.694779	0.688194	0.599498	0.562479	0.153278	0.31234	0.810087	0.476661	
