10	20
104.686	153.734
68.782	62.7106
94.1002	120.357
42.4157	137.023
132.538	45.99
150.204	60.9179
95.4183	18.8144
150.023	74.6206
162.399	26.2592
132.113	77.68
15.3929
10.8788
1.54263
21.3229
14.1526
10.7222
6.44443
21.4898
2.03743
19.4765
12.0965
22.0154
20.5994
13.5039
5.6423
12.6354
12.4972
17.9518
2.80302
16.1634
0.47111	0.570299	0.525117	0.0514054	0.744218	0.696989	0.487605	0.727629	0.553105	0.678292	0.887662	0.24772	0.700661	0.41061	0.786665	0.778444	0.549537	0.336023	0.236031	0.583192	
0.615528	0.60606	0.336504	0.860893	0.247368	0.272767	0.53323	0.65237	0.368413	0.843992	0.0467577	0.613567	0.420136	0.703519	0.0843026	0.0789945	0.605269	0.668187	0.905244	0.470424	
0.682702	0.180833	0.397828	0.620447	0.546347	0.156574	0.153995	0.243737	0.129037	0.416111	0.452101	0.386573	0.660281	0.724467	0.343782	0.351203	0.183964	0.646395	0.793	0.0545805	
0.575932	0.215261	0.304661	0.531701	0.48251	0.177709	0.118898	0.329034	0.0478007	0.460252	0.448188	0.287189	0.576405	0.614859	0.334199	0.336023	0.207182	0.536192	0.687013	0.0982648	
0.642929	0.352175	0.556038	0.228256	0.786633	0.587273	0.315253	0.495884	0.448183	0.413472	0.843148	0.232927	0.801793	0.614825	0.7305	0.728261	0.333325	0.526065	0.501632	0.415823	
0.561773	0.402575	0.507697	0.149526	0.739031	0.589711	0.339509	0.555623	0.44536	0.496558	0.824465	0.178108	0.738099	0.528206	0.714602	0.710175	0.382306	0.440596	0.413153	0.44045	
0.238608	0.744772	0.232255	0.686822	0.180896	0.532029	0.626997	0.863421	0.499147	0.981786	0.459374	0.516112	0.0537818	0.339089	0.435058	0.417148	0.732296	0.348275	0.603135	0.632963	
0.360923	0.399073	0.240952	0.321382	0.471964	0.406821	0.280691	0.552287	0.271248	0.600369	0.584359	0.090479	0.479619	0.371576	0.482581	0.474413	0.38045	0.28458	0.421765	0.347093	
0.619467	0.738138	0.392213	0.940954	0.214514	0.408935	0.657664	0.790116	0.491208	0.9786	0.135573	0.70381	0.376754	0.715656	0.22064	0.21149	0.736021	0.697339	0.947173	0.602313	
0.663486	0.665551	0.722306	0.170581	0.944763	0.858192	0.612397	0.81023	0.712913	0.704578	1.07381	0.418138	0.902111	0.592052	0.968429	0.961849	0.646177	0.527291	0.352227	0.713555	
