10	40
60.8312	28.18
45.2756	59.5142
153.978	55.9961
66.9434	138.675
87.1836	22.5386
117.562	104.977
133.263	156.551
111.493	87.9807
56.1236	18.1572
53.3227	25.2875
6.87723
5.82182
7.29842
3.9488
10.3387
6.72909
2.8884
8.44668
2.30731
9.49635
8.62406
9.45121
1.29685
2.2461
8.52093
3.36287
6.13637
7.70029
9.97244
6.59204
1.621
10.2059
2.55384
2.31021
0.256721
10.4167
6.94013
6.24317
8.8286
5.31909
5.2026
1.90891
8.27132
2.58933
7.76188
3.84623
9.40322
1.11077
0.673003
9.10067
0.287714	0.504525	0.584336	0.878704	0.831832	0.552239	0.624478	0.800133	0.663716	0.590455	0.393131	0.464812	0.457672	0.620647	0.404948	0.515802	0.767266	0.45842	0.630342	0.747249	0.525398	1.0598	0.706816	0.424354	0.833777	0.716163	0.235557	0.557593	0.333415	0.499282	0.41872	0.511277	0.6453	0.231648	0.652361	0.855447	0.613341	0.242044	0.0366613	0.635731	
0.0364778	0.53133	0.271151	0.70798	0.653278	0.654476	0.331804	0.544841	0.66716	0.276354	0.0815496	0.359113	0.182929	0.710623	0.517728	0.201669	0.886741	0.258259	0.362395	0.665686	0.231289	0.87047	0.398075	0.318215	0.619418	0.416688	0.129291	0.474492	0.0720638	0.585653	0.104752	0.520806	0.334395	0.516559	0.336013	0.701306	0.774174	0.543629	0.335913	0.7054	
0.449018	0.713631	0.157253	0.55056	0.499543	0.874173	0.1337	0.265504	0.777475	0.154686	0.365876	0.489912	0.288759	0.905234	0.783897	0.264051	1.08128	0.362834	0.194556	0.665778	0.328204	0.641261	0.0279892	0.482934	0.406779	0.0616648	0.506456	0.556623	0.402103	0.808179	0.321365	0.689319	0.224103	0.90373	0.137631	0.575268	1.02786	0.96869	0.748057	0.879895	
0.161008	0.649608	0.232116	0.767876	0.711763	0.777672	0.328867	0.562821	0.778897	0.232575	0.0611667	0.461882	0.231589	0.83245	0.642388	0.124074	1.00964	0.340395	0.384046	0.758736	0.113545	0.916612	0.360233	0.424523	0.660973	0.395377	0.254033	0.575216	0.179513	0.708488	0.117639	0.637165	0.237524	0.627835	0.267815	0.76852	0.899115	0.61867	0.437744	0.825413	
0.925272	0.735396	0.774252	0.244806	0.288599	0.854929	0.658214	0.426005	0.648327	0.780299	0.92092	0.658126	0.749804	0.831555	0.881749	0.883596	0.935268	0.681617	0.589869	0.460903	0.969584	0.0606635	0.694098	0.696622	0.31118	0.635114	0.911534	0.587775	0.862383	0.82797	0.858946	0.710049	0.901377	1.16212	0.810273	0.279318	0.999338	1.3513	1.1106	0.787473	
0.303009	0.314766	0.330165	0.403465	0.352183	0.474353	0.26756	0.336128	0.401293	0.340714	0.343222	0.0900609	0.185152	0.507979	0.390446	0.377685	0.686339	0.0641719	0.214741	0.354709	0.459554	0.5786	0.379262	0.0903247	0.347741	0.349279	0.273586	0.180249	0.245195	0.408292	0.289951	0.29166	0.478875	0.575751	0.415518	0.389887	0.628276	0.724015	0.480988	0.485887	
0.515442	0.0666394	0.679963	0.565448	0.541899	0.112111	0.631506	0.658525	0.196243	0.690322	0.614109	0.274635	0.515901	0.162256	0.0921435	0.695593	0.340145	0.407034	0.576919	0.34603	0.760906	0.743321	0.743235	0.284652	0.60315	0.713233	0.428531	0.2449	0.492404	0.0438679	0.584382	0.0945575	0.817024	0.401988	0.767507	0.52306	0.264277	0.644414	0.451769	0.161558	
0.54587	0.444642	0.439188	0.162042	0.105732	0.598376	0.326133	0.178799	0.435225	0.447597	0.551329	0.296295	0.377175	0.603169	0.57231	0.534798	0.75791	0.301157	0.245435	0.277217	0.623337	0.321077	0.403751	0.328761	0.0954129	0.346986	0.531676	0.266011	0.483335	0.548864	0.489901	0.416307	0.5861	0.815376	0.499127	0.172116	0.758433	0.982382	0.739677	0.566218	
0.460257	0.291903	0.710306	0.772124	0.738871	0.272449	0.700785	0.798531	0.435723	0.719395	0.57653	0.394066	0.547304	0.341149	0.147678	0.685911	0.471813	0.477328	0.670584	0.575747	0.727946	0.955501	0.80627	0.375288	0.778753	0.792998	0.368581	0.42918	0.467885	0.237765	0.570915	0.312212	0.818954	0.162331	0.794307	0.735291	0.315084	0.412117	0.262502	0.366006	
0.818424	0.373123	0.85037	0.383904	0.406198	0.406295	0.754326	0.639377	0.216597	0.860436	0.881297	0.482779	0.725433	0.356268	0.504037	0.916315	0.413201	0.605388	0.674566	0.196043	1.00016	0.492044	0.850861	0.523705	0.511343	0.798952	0.754113	0.367789	0.771385	0.415885	0.830702	0.36421	1.00366	0.813661	0.926668	0.336014	0.513407	1.05608	0.850418	0.314013	
