15	20
15.1584	36.0651
48.4321	41.1666
157.866	155.343
128.394	65.1581
74.5534	79.3518
68.3563	97.9796
49.3256	55.7699
155.758	45.1879
88.6226	112.332
34.4049	114.088
147.474	150.244
52.5555	99.5738
95.3694	62.9382
45.914	61.529
2.65038	111.372
26.1842
14.9004
49.8582
18.328
20.6769
24.0133
39.3336
9.51915
59.8586
2.98648
31.085
32.4022
54.0599
67.8533
36.7542
23.7069
15.2593
44.675
24.5598
48.0344
0.502684	0.431825	0.454876	0.568867	0.56253	0.270159	0.550083	0.56561	0.0947857	0.772697	0.237451	0.204745	0.668521	0.595318	0.283903	0.606778	0.551796	0.488866	0.359095	0.24816	
0.393173	0.41993	0.437667	0.373078	0.330577	0.995613	0.29532	0.476418	0.753415	0.051935	0.783701	0.629726	0.5176	0.662274	0.560273	0.428574	0.734662	0.73703	0.789625	0.952261	
0.619765	0.251726	0.227329	0.640741	0.14121	0.951007	0.180887	0.733407	0.639746	0.444514	0.832588	0.67897	0.129726	0.901414	0.653024	0.0850893	0.939764	0.914445	0.540507	0.928856	
0.483568	0.675395	0.708742	0.537165	0.783784	0.2917	0.755597	0.47532	0.420192	0.857105	0.0940108	0.24243	0.940441	0.398267	0.290501	0.859859	0.313566	0.247404	0.685281	0.230775	
0.150463	0.401123	0.440348	0.216422	0.470977	0.548477	0.432871	0.220845	0.413262	0.492294	0.306213	0.168746	0.667089	0.318201	0.0842163	0.570647	0.332783	0.302458	0.60234	0.496004	
0.40047	0.56803	0.601895	0.459423	0.675488	0.310797	0.647389	0.413096	0.344627	0.761078	0.0410339	0.134135	0.834286	0.378704	0.18888	0.752396	0.315088	0.248471	0.604312	0.250895	
0.271407	0.716598	0.755908	0.261611	0.756553	0.733892	0.712161	0.159899	0.713201	0.611123	0.465522	0.429612	0.969173	0.0596826	0.362682	0.867672	0.160814	0.213317	0.929343	0.672453	
0.336146	0.223775	0.247395	0.352031	0.171038	0.820747	0.125088	0.447201	0.55883	0.243736	0.636247	0.476809	0.388239	0.621534	0.42384	0.286455	0.670513	0.654793	0.590214	0.782872	
0.565896	0.159029	0.13173	0.5952	0.0849286	0.855291	0.131394	0.681309	0.54357	0.456175	0.743624	0.592678	0.134854	0.840613	0.573208	0.0321199	0.871316	0.841478	0.45474	0.833949	
0.754418	0.333821	0.308608	0.806979	0.419226	0.693992	0.449543	0.861425	0.39043	0.792964	0.707348	0.6073	0.338901	0.970777	0.639983	0.357875	0.962861	0.911676	0.148274	0.699312	
0.487013	0.852299	0.89066	0.507607	0.928472	0.595835	0.88968	0.407927	0.702944	0.868406	0.377768	0.446723	1.12158	0.232633	0.430541	1.02712	0.143788	0.155122	0.958996	0.537123	
0.54984	0.26022	0.250247	0.563201	0.125292	0.956635	0.140445	0.660299	0.657844	0.342805	0.811064	0.653007	0.230382	0.835156	0.615024	0.157813	0.881903	0.862708	0.598025	0.928377	
0.419713	0.116398	0.130997	0.448568	0.0672249	0.787815	0.0321935	0.534951	0.498218	0.354244	0.638973	0.481566	0.281535	0.697038	0.44833	0.178783	0.732515	0.706841	0.486539	0.757608	
0.267336	0.329661	0.357322	0.265012	0.284784	0.850776	0.23939	0.366946	0.619439	0.168577	0.637794	0.483473	0.499872	0.549892	0.414812	0.399206	0.611937	0.606903	0.685879	0.806611	
0.360319	0.322512	0.353974	0.425809	0.441082	0.408494	0.420398	0.438697	0.19692	0.617541	0.26403	0.131403	0.584416	0.506561	0.171359	0.506578	0.487604	0.434703	0.397903	0.37217	
