15	40
61.6088	53.2097
5.7098	16.4209
69.1139	140.639
72.4369	97.0424
80.4187	50.0817
66.166	122.799
29.7082	119.498
28.8233	143.608
7.06688	25.3319
63.6279	151.003
11.5886	119.181
53.7446	142.748
37.2281	131.833
35.8611	102.076
28.261	52.2739
8.84608
15.3337
38.882
23.7092
2.46842
35.1776
32.8943
21.2179
37.9551
12.4027
16.1162
13.3844
16.2946
28.1555
35.0662
30.0979
36.2011
13.7783
21.2366
26.167
9.36269
17.3022
3.86941
3.64622
28.9623
6.62093
5.66546
29.8266
13.3738
17.6819
8.9454
13.9781
21.6196
3.61461
11.1903
31.4576
5.85591
0.0797401
23.2212
12.2143
0.326373	0.923244	1.05879	0.37716	0.422347	0.897041	0.878073	0.293533	0.779334	0.176165	0.207883	0.326838	0.231075	0.137785	0.573661	0.201874	0.523231	0.489725	0.129675	1.05113	0.38507	0.96031	0.124084	1.05344	0.96681	0.391851	0.644773	1.10095	0.718998	0.363914	0.716757	0.343625	1.30148	1.06426	0.902671	0.850115	0.580495	0.444304	0.593434	0.584398	
0.454419	0.824897	0.78136	0.403815	0.778298	0.500839	0.287023	0.454766	0.628867	0.767461	0.535202	0.756267	0.654853	0.675217	0.415851	0.547336	0.491771	0.62979	0.606105	0.448854	0.348368	0.259451	0.771397	0.816945	0.484947	0.344219	0.516752	0.59062	0.739342	0.362898	0.883815	0.382538	0.826482	0.63636	0.224296	0.378129	0.150493	0.286958	0.77786	0.838835	
0.178169	0.495092	0.600391	0.1708	0.287654	0.447591	0.502157	0.233165	0.325017	0.384693	0.409826	0.294876	0.256774	0.335141	0.133812	0.278506	0.0622574	0.132674	0.41874	0.649742	0.368219	0.641703	0.421561	0.599814	0.530732	0.258786	0.183915	0.66103	0.318081	0.330612	0.411749	0.316422	0.846367	0.609656	0.574785	0.429276	0.423781	0.291412	0.289528	0.342415	
0.374012	0.742936	0.716503	0.321345	0.687645	0.441706	0.265124	0.381361	0.544948	0.690398	0.484979	0.669351	0.573373	0.601174	0.323147	0.476122	0.398304	0.536589	0.55049	0.4417	0.303188	0.297359	0.698754	0.748084	0.4434	0.273631	0.426701	0.561446	0.648668	0.308371	0.790942	0.324587	0.79642	0.590548	0.244682	0.325813	0.129341	0.21985	0.684397	0.745465	
0.513326	0.166109	0.288086	0.494473	0.454744	0.295775	0.508931	0.568092	0.0466548	0.66748	0.746345	0.524569	0.556611	0.647287	0.293764	0.61345	0.282149	0.299549	0.754262	0.570701	0.679709	0.686452	0.716883	0.272967	0.399928	0.568474	0.175861	0.489128	0.132426	0.64693	0.304409	0.637713	0.599701	0.389477	0.625438	0.378047	0.663963	0.580563	0.291812	0.364195	
0.706591	0.581148	0.417168	0.656163	0.870528	0.207251	0.194067	0.742507	0.459192	0.993594	0.89619	0.902635	0.864126	0.929136	0.479542	0.83104	0.55929	0.684228	0.945274	0.0780748	0.736587	0.301819	1.02368	0.471221	0.102774	0.66436	0.474054	0.115129	0.629968	0.727768	0.804902	0.735821	0.347991	0.205657	0.280486	0.184855	0.586787	0.630229	0.761959	0.837877	
0.11006	0.661838	0.721185	0.056573	0.440583	0.50294	0.453752	0.130833	0.471555	0.427201	0.289313	0.40956	0.308601	0.341637	0.208553	0.224413	0.224532	0.323687	0.332097	0.627474	0.183359	0.54795	0.439985	0.733457	0.556664	0.0723342	0.321644	0.690725	0.505306	0.151457	0.606735	0.145796	0.906216	0.672862	0.48627	0.434705	0.240607	0.0964028	0.482514	0.529267	
0.176344	0.625221	0.665475	0.122024	0.474246	0.435715	0.381841	0.203429	0.429349	0.490541	0.359472	0.455963	0.367281	0.408987	0.165401	0.295871	0.20928	0.333285	0.404769	0.554711	0.231421	0.483675	0.507234	0.681686	0.485365	0.131357	0.283537	0.619136	0.486212	0.207174	0.605519	0.207373	0.836927	0.605141	0.420312	0.362653	0.225312	0.123509	0.488362	0.543109	
0.624496	0.0500569	0.239588	0.608251	0.520896	0.356032	0.593457	0.67946	0.150613	0.75295	0.856424	0.601195	0.650312	0.742776	0.409796	0.719513	0.394849	0.390327	0.860253	0.627661	0.795266	0.771401	0.805283	0.203808	0.453186	0.683866	0.291907	0.516457	0.172495	0.762083	0.30319	0.752353	0.580373	0.402413	0.713886	0.459159	0.778129	0.696601	0.338865	0.400607	
0.595656	0.116391	0.338365	0.587879	0.442085	0.431007	0.652855	0.650312	0.1907	0.685428	0.822039	0.528282	0.592536	0.68582	0.412674	0.67824	0.376451	0.336676	0.81735	0.706189	0.782186	0.830546	0.740004	0.29969	0.53274	0.670622	0.297048	0.60705	0.105425	0.746379	0.204375	0.733882	0.679516	0.496338	0.769693	0.521152	0.790106	0.691347	0.254522	0.309364	
0.486795	0.719038	0.650585	0.432341	0.766202	0.368237	0.142173	0.503083	0.531041	0.803133	0.620069	0.762209	0.680234	0.718845	0.366009	0.598467	0.453017	0.597635	0.683109	0.309424	0.440385	0.170841	0.817178	0.69013	0.34213	0.400653	0.443791	0.445777	0.663441	0.443396	0.822186	0.458132	0.681681	0.49418	0.110272	0.243039	0.262272	0.350935	0.73082	0.798788	
0.0969869	0.576126	0.674165	0.0956317	0.310006	0.500905	0.518285	0.151988	0.402598	0.346155	0.329501	0.291024	0.217162	0.280832	0.177302	0.204512	0.136129	0.194341	0.342643	0.67825	0.292885	0.640825	0.374318	0.676363	0.575321	0.187242	0.256713	0.708433	0.397974	0.254103	0.480388	0.238277	0.904782	0.667553	0.575409	0.464542	0.373625	0.228286	0.352937	0.396251	
0.435392	0.758149	0.711986	0.382198	0.741271	0.431659	0.225936	0.444047	0.563338	0.752211	0.546233	0.726911	0.634005	0.6636	0.361898	0.538921	0.442511	0.584053	0.612673	0.395896	0.362764	0.235536	0.76131	0.747601	0.418766	0.336561	0.456796	0.528614	0.679601	0.369934	0.828823	0.386728	0.764613	0.569474	0.186065	0.309471	0.177266	0.282661	0.727443	0.791136	
0.701782	0.275462	0.0983996	0.66676	0.72046	0.185151	0.432582	0.752308	0.247373	0.91424	0.929942	0.782881	0.79382	0.878717	0.445947	0.818787	0.483486	0.551359	0.955098	0.403932	0.818337	0.597166	0.958764	0.146861	0.240655	0.716707	0.362136	0.262098	0.398189	0.7944	0.55834	0.792483	0.329548	0.14227	0.553164	0.310125	0.73644	0.707758	0.561919	0.633537	
0.630111	0.568412	0.433105	0.579051	0.809416	0.179485	0.122067	0.664854	0.424181	0.921599	0.817089	0.836441	0.792138	0.854716	0.410079	0.754239	0.49299	0.623444	0.866852	0.108572	0.657214	0.262479	0.950052	0.482845	0.0960018	0.585286	0.417213	0.182067	0.591215	0.648361	0.765812	0.656511	0.418075	0.24165	0.226535	0.115192	0.509834	0.550817	0.712259	0.787737	
