10	30
174.103	85.8714
141.774	93.9145
31.957	144.759
50.036	69.0576
35.5503	148.786
56.7369	55.5101
170.923	105.903
141.477	124.653
116.163	10.7912
164.014	103.75
2.20768
1.20196
4.23321
15.1752
4.54504
20.8345
12.5265
15.5511
12.6254
12.8802
3.66382
15.742
10.9258
5.33182
5.3567
11.1324
19.4587
1.01284
8.64934
13.149
14.4329
19.1742
11.6898
21.2204
19.8937
5.39038
5.00882
2.00049
17.3066
2.01145
0.413415	0.678804	0.253752	0.609665	0.177724	0.605749	0.305891	0.790859	0.102003	0.229283	0.503256	0.700028	0.466968	0.246688	0.778685	0.622233	0.724473	0.640645	0.363922	0.684937	0.429762	0.43472	0.256907	0.108638	0.65671	0.242096	0.253933	0.374018	0.155042	0.611992	
0.636548	0.364023	0.990936	0.65251	0.867821	0.639108	0.539256	0.161913	0.768697	0.93839	0.896699	0.874557	0.567644	0.675255	0.893677	0.62585	0.189895	0.756247	0.6927	0.332131	0.683541	0.580412	1.09594	0.935029	0.807473	0.609904	0.934985	0.492956	0.690914	0.308388	
0.500143	0.173531	0.736326	0.352935	0.613239	0.339551	0.247108	0.257616	0.447334	0.688566	0.551886	0.57255	0.464841	0.446544	0.612531	0.607844	0.336114	0.71761	0.528118	0.164502	0.335289	0.456624	0.794902	0.641012	0.50305	0.296545	0.586647	0.285259	0.385051	0.0747711	
0.545628	0.457808	0.92838	0.730509	0.809217	0.716847	0.519972	0.282637	0.751465	0.875207	0.945757	0.954297	0.471408	0.615293	0.982829	0.50288	0.0914147	0.633103	0.607504	0.426384	0.72872	0.489814	1.05555	0.894343	0.885402	0.595888	0.941114	0.44343	0.667213	0.373399	
0.202702	0.523943	0.400177	0.582871	0.275873	0.573442	0.124958	0.573293	0.244814	0.348707	0.615719	0.749763	0.22149	0.0930779	0.816099	0.393846	0.453486	0.456475	0.197642	0.517908	0.445622	0.193049	0.511027	0.349976	0.688813	0.152326	0.469886	0.101592	0.159372	0.425156	
0.57168	0.656352	0.409593	0.512396	0.355147	0.512152	0.372442	0.808496	0.156172	0.397237	0.341918	0.555564	0.614223	0.401136	0.636455	0.779423	0.805564	0.810776	0.530318	0.670519	0.3323	0.582907	0.322117	0.246417	0.523108	0.295591	0.0755766	0.478205	0.242412	0.618627	
0.379305	1.00712	0.633834	1.14908	0.596872	1.13811	0.695254	0.943882	0.78174	0.60126	1.19361	1.32999	0.38389	0.535449	1.39355	0.240645	0.669457	0.127517	0.399525	0.987565	1.0265	0.401275	0.84099	0.738467	1.26725	0.734162	0.999658	0.582732	0.717495	0.89055	
0.6544	0.220337	0.963619	0.511975	0.839001	0.498841	0.483452	0.0163819	0.69978	0.912945	0.770058	0.731785	0.595695	0.654805	0.747726	0.689286	0.274146	0.816369	0.701002	0.189107	0.562948	0.600728	1.04263	0.885166	0.66578	0.54442	0.840512	0.472724	0.631282	0.191701	
0.105835	0.600481	0.380322	0.679419	0.26422	0.669676	0.219799	0.623046	0.318822	0.327142	0.710862	0.84823	0.14201	0.0801087	0.914472	0.3071	0.457486	0.359587	0.103304	0.590878	0.544075	0.110063	0.526786	0.372237	0.787235	0.250005	0.54597	0.143972	0.241495	0.494449	
0.667375	0.0204322	0.898468	0.312352	0.776936	0.299339	0.411694	0.190468	0.588611	0.852267	0.579962	0.531952	0.627001	0.615875	0.550231	0.75856	0.41284	0.874759	0.697763	0.0122433	0.383516	0.621561	0.939909	0.792113	0.465858	0.450324	0.688216	0.454748	0.53818	0.107259	
