15	20
50.6524	140.08
46.1501	39.1667
172.733	139.75
125.162	136.02
60.7179	34.8681
155.015	12.1566
138.011	14.9995
79.1656	122.684
166.002	42.3702
56.6254	13.0091
151.194	82.748
23.9556	32.6076
161.102	114.914
94.8378	150.295
172.069	71.625
7.85191
32.8563
41.1879
0.43043
28.3921
62.5958
66.1742
38.0525
0.854706
15.2246
5.13058
16.9503
17.37
7.18683
34.2137
38.4245
48.3683
45.4676
61.6263
5.28872
0.411796	0.642057	0.825001	0.627596	0.382314	0.754801	0.0740321	0.777548	0.62964	0.830894	0.936372	0.669667	0.896666	0.464348	0.717072	0.942916	1.03006	0.601408	0.907795	0.329577	
0.498683	0.640199	0.801963	0.539649	0.213508	0.862521	0.191254	0.521615	0.757152	0.699733	0.754742	0.447341	0.644199	0.474638	0.537465	0.908497	0.848878	0.44904	0.899187	0.171951	
0.847461	0.582819	0.410216	0.574969	0.89651	0.779722	1.16379	0.954092	0.852282	0.429919	0.521921	0.795574	0.927929	0.741744	0.636461	0.302167	0.490711	0.671898	0.386878	0.938981	
0.409429	0.147173	0.0878304	0.203371	0.523492	0.443796	0.743557	0.755891	0.466376	0.271856	0.477677	0.554611	0.789188	0.304803	0.412417	0.184483	0.528156	0.359932	0.189878	0.553838	
0.806078	0.771076	0.842418	0.567379	0.429045	1.10378	0.692368	0.0146576	1.04596	0.551518	0.452767	0.2026	0.139589	0.698364	0.350526	0.899904	0.522577	0.40695	0.941023	0.46708	
0.269636	0.200943	0.287548	0.408801	0.605818	0.147526	0.689535	0.963194	0.164757	0.568791	0.771998	0.760879	1.02484	0.285407	0.655147	0.386289	0.8316	0.557063	0.307245	0.609712	
0.659679	0.599152	0.666434	0.393016	0.320585	0.937135	0.627738	0.176428	0.887472	0.385419	0.329327	0.031791	0.240746	0.541784	0.178328	0.726058	0.41541	0.234702	0.765283	0.369466	
0.637943	0.395103	0.294226	0.305797	0.609504	0.69572	0.894947	0.675213	0.724137	0.135118	0.280416	0.504327	0.66755	0.511781	0.343668	0.271936	0.298095	0.37885	0.351041	0.654947	
0.299461	0.0903639	0.162751	0.294878	0.54732	0.27581	0.694552	0.862155	0.295714	0.434868	0.639468	0.657958	0.913621	0.24827	0.538016	0.275314	0.696439	0.452886	0.214686	0.562579	
0.726796	0.478091	0.355472	0.397851	0.696579	0.760684	0.986087	0.725664	0.799341	0.212044	0.299706	0.569035	0.703408	0.602441	0.41183	0.303723	0.287547	0.462489	0.392266	0.743159	
0.12624	0.293772	0.476266	0.3113	0.270542	0.482052	0.337068	0.694498	0.386362	0.530252	0.681513	0.516287	0.786764	0.115613	0.484616	0.594312	0.768191	0.356821	0.560454	0.256961	
0.702428	0.440239	0.283348	0.417789	0.740208	0.679991	1.00716	0.826259	0.735245	0.285349	0.416257	0.655456	0.814211	0.5907	0.494491	0.201421	0.410667	0.518742	0.293431	0.782147	
0.201811	0.0723161	0.244643	0.258108	0.45891	0.302676	0.590744	0.80612	0.274792	0.441518	0.637718	0.604054	0.869313	0.147422	0.503302	0.363522	0.705665	0.400847	0.313957	0.469072	
0.486734	0.424606	0.512366	0.225478	0.212417	0.758744	0.533092	0.350005	0.708773	0.297702	0.347895	0.147996	0.41823	0.364315	0.127479	0.588404	0.442296	0.0646064	0.614066	0.265481	
0.794491	0.774565	0.855139	0.574718	0.409549	1.10187	0.659569	0.0595738	1.03911	0.575255	0.488501	0.213902	0.182181	0.691938	0.369948	0.917634	0.561429	0.413093	0.954956	0.44402	
