10	20
150.915	86.2503
126.708	50.4867
106.928	38.86
100.985	12.7903
121.793	122.789
123.046	14.9906
77.3444	154.718
85.1555	13.0599
81.2993	90.4147
117.977	128.551
4.12516
31.3535
36.7543
20.6108
9.58582
7.46509
4.7111
18.3016
25.0601
27.0762
23.6468
7.05239
24.0596
32.8203
13.7351
16.4377
14.8963
30.5563
2.52102
5.68626
0.760634	0.0240436	0.531937	0.787934	0.192472	0.518443	0.793062	0.309269	0.735279	0.242787	0.344575	0.623403	0.560166	0.122847	0.349789	0.540079	0.552266	0.603277	0.41623	0.424362	
0.914543	0.211271	0.744359	0.925184	0.350934	0.70999	0.886384	0.476484	0.864446	0.431917	0.562534	0.841373	0.695986	0.328701	0.513022	0.757287	0.569716	0.77247	0.271993	0.642196	
0.731199	0.0347466	0.538471	0.752965	0.157452	0.506251	0.747	0.281714	0.69765	0.294959	0.366174	0.643415	0.52342	0.172392	0.321	0.566981	0.494914	0.579374	0.369827	0.444011	
0.617049	0.832406	0.317436	0.705768	0.740821	0.447306	0.887992	0.652696	0.72709	0.680171	0.482713	0.208359	0.678621	0.731973	0.641847	0.313156	1.00612	0.533152	1.17211	0.402496	
0.894883	0.282542	0.541062	0.942617	0.401777	0.604771	0.990907	0.477523	0.902162	0.09589	0.328674	0.559958	0.731949	0.165254	0.515186	0.453287	0.799484	0.72557	0.657868	0.394629	
0.87832	0.234285	0.545754	0.922016	0.364616	0.595101	0.960985	0.449566	0.878752	0.107445	0.331898	0.579683	0.706452	0.130427	0.488485	0.475961	0.756411	0.710175	0.606194	0.403636	
0.932003	0.426095	0.525646	0.991182	0.512629	0.629466	1.06741	0.560301	0.959934	0.170429	0.337405	0.495993	0.799341	0.290276	0.592828	0.386062	0.919498	0.763079	0.812251	0.377354	
0.416602	0.358505	0.231965	0.463882	0.210012	0.154889	0.537345	0.104207	0.42751	0.391355	0.213478	0.387234	0.267218	0.33957	0.0994229	0.36509	0.487675	0.248978	0.630699	0.235289	
1.05756	0.511224	0.648179	1.11629	0.620462	0.755042	1.18877	0.678527	1.08418	0.279184	0.46299	0.605394	0.921927	0.387849	0.712544	0.497057	1.02403	0.888557	0.878041	0.501069	
0.42687	0.389435	0.171225	0.483959	0.258588	0.134598	0.577184	0.165254	0.455316	0.379073	0.17384	0.324252	0.307294	0.347273	0.162267	0.305037	0.549679	0.25707	0.686189	0.179728	
