10	40
82.3237	100.226
171.591	103.251
3.25516	63.0027
147.563	79.1608
90.8211	134.014
122.204	131.149
30.0781	118.255
149.009	88.2328
7.55923	53.0277
87.0492	32.5106
22.6469
5.80593
9.68346
10.2686
16.668
15.588
22.6711
14.5181
16.6013
20.7902
12.0262
23.3269
9.0783
16.1906
2.11425
14.8393
16.9354
6.99894
4.34558
23.5711
11.3933
17.8952
3.07156
7.86853
10.0248
5.45254
7.85702
7.22563
1.72004
14.2452
20.7384
5.06203
0.158368
1.55243
3.34184
1.17538
3.20361
8.14456
14.705
21.911
0.72803	0.498582	0.688512	0.25942	0.78113	0.847474	0.116949	0.572485	0.280543	0.558168	0.58189	0.489868	0.335013	0.817803	0.334958	0.439546	0.47421	0.55668	0.488767	0.490102	0.142868	0.512972	0.375763	0.365302	0.401263	0.882263	0.264196	0.692719	0.422516	0.223217	0.97271	0.578271	0.066351	0.109375	0.786091	0.219049	0.877033	0.634365	0.252338	0.201407	
0.634307	0.608306	0.907229	0.389745	0.556166	0.799902	0.396046	0.116455	0.222612	0.722511	0.117594	0.55776	0.811372	0.673223	0.152592	0.25107	0.258503	0.374782	0.416674	0.144539	0.357474	0.295371	0.186683	0.126267	0.502093	1.10718	0.486025	0.872769	0.181255	0.278168	0.719319	0.431406	0.503261	0.46392	0.846624	0.304676	0.998151	0.939891	0.672216	0.316675	
0.233865	0.302255	0.329317	0.569653	0.421531	0.127223	0.851797	0.786822	0.712483	0.277849	0.801476	0.317649	0.857609	0.287949	0.814793	0.578467	0.570038	0.463756	0.413966	0.959625	0.835511	0.537871	0.921455	0.83046	0.406275	0.423275	0.536652	0.25947	0.650419	0.711871	0.496321	0.406441	0.867094	0.691546	0.0560536	0.678113	0.213633	0.491173	0.680204	0.687019	
0.595163	0.44455	0.145679	0.689239	0.787729	0.517308	0.91847	1.0476	0.870171	0.328517	1.06293	0.49901	0.721429	0.671324	0.98315	0.810653	0.817872	0.74949	0.658516	1.15532	0.918841	0.803356	1.0823	1.00794	0.549259	0.0578066	0.608435	0.183045	0.872803	0.843109	0.885913	0.701434	0.885726	0.733958	0.335225	0.805115	0.214687	0.229957	0.607746	0.805512	
0.764681	0.504417	0.641692	0.319562	0.843366	0.865797	0.234326	0.682906	0.388285	0.539405	0.693193	0.509486	0.214565	0.860712	0.453163	0.526881	0.560781	0.627079	0.544815	0.610616	0.263068	0.594838	0.49617	0.483886	0.426901	0.824543	0.286033	0.657705	0.521299	0.329661	1.03317	0.639382	0.142212	0.161945	0.779763	0.316666	0.849282	0.562097	0.165454	0.299951	
0.293907	0.585226	0.737684	0.746882	0.255413	0.286551	1.01121	0.720012	0.806741	0.632994	0.730199	0.557064	1.16971	0.19298	0.87222	0.619526	0.591089	0.473034	0.518116	0.955138	0.981782	0.544432	0.96761	0.873307	0.629122	0.83078	0.767356	0.667188	0.68006	0.835759	0.133861	0.435076	1.06714	0.904382	0.469825	0.815273	0.606278	0.891266	0.977555	0.83063	
0.219136	0.471279	0.711146	0.551813	0.030017	0.344352	0.794037	0.474934	0.57905	0.557647	0.485454	0.424964	1.01642	0.165202	0.634292	0.389069	0.357682	0.250521	0.32616	0.709847	0.76159	0.311292	0.726269	0.633038	0.471717	0.855747	0.594702	0.645445	0.443296	0.615019	0.168533	0.230653	0.862077	0.712327	0.492515	0.599871	0.657919	0.837354	0.824387	0.616476	
0.408811	0.475834	0.777786	0.375532	0.306773	0.575268	0.536596	0.168219	0.311983	0.592161	0.181367	0.418449	0.863927	0.431538	0.334953	0.153039	0.123018	0.165568	0.255653	0.394369	0.499352	0.113086	0.417036	0.327641	0.40091	0.964381	0.458196	0.728853	0.162776	0.363222	0.471382	0.220681	0.625867	0.515963	0.654937	0.363935	0.818073	0.851583	0.688976	0.381521	
0.139674	0.425631	0.583675	0.608017	0.201698	0.148816	0.882389	0.658357	0.691226	0.471666	0.670767	0.400984	1.01234	0.0595187	0.769929	0.512918	0.489631	0.366567	0.385886	0.876145	0.855873	0.445021	0.87128	0.775823	0.477806	0.693636	0.618344	0.513484	0.580317	0.712658	0.22595	0.317562	0.929278	0.76137	0.325387	0.688068	0.47767	0.733243	0.821032	0.702157	
0.275795	0.427146	0.710191	0.426909	0.151733	0.437435	0.645057	0.32037	0.424681	0.534246	0.332283	0.371591	0.911192	0.280855	0.472938	0.235981	0.202435	0.122841	0.2272	0.548962	0.610773	0.158281	0.563681	0.470759	0.388552	0.881082	0.487838	0.652457	0.283503	0.465623	0.325817	0.141878	0.721116	0.584271	0.543225	0.455171	0.710787	0.810393	0.724026	0.47246	
