10	50
33.8266	28.7502
61.9642	140.112
13.4266	44.5954
77.7272	25.2132
53.2	146.778
64.6636	42.4675
25.8567	157.671
14.169	52.923
7.43366	36.2984
26.3261	40.8411
2.45096
7.66162
2.31287
5.3252
5.13244
8.56456
6.10174
6.36531
4.32142
4.33023
3.29442
4.75374
9.75284
9.41136
9.32905
5.091
0.386354
5.46222
3.33829
0.257209
2.16055
1.15538
8.02077
1.78519
6.03136
5.3265
5.51676
7.92919
5.48801
1.75205
1.59769
0.0402621
7.14002
0.783409
3.47565
6.21371
5.33647
6.05631
7.13508
5.04776
6.84034
2.10714
5.38048
5.97841
3.00764
7.15669
4.16013
1.909
6.23042
4.1446
0.481957	0.496901	0.958436	0.584742	0.562916	0.522773	0.584199	0.520612	0.243143	0.691679	0.554887	0.87812	0.414376	0.690023	0.664998	0.900953	0.525356	0.533693	0.925823	0.307946	0.156201	0.236005	0.378783	0.262737	0.531404	0.697293	0.153956	0.295601	0.871617	0.553464	0.680007	0.541372	0.884	0.355162	0.534504	0.839684	0.61505	0.69628	0.576056	0.37293	0.686665	0.496209	0.715363	0.100587	0.698139	0.711588	0.251484	0.811861	0.73955	0.944551	
0.237337	0.390142	0.798924	0.602119	0.553545	0.622707	0.351946	0.30078	0.0611013	0.471647	0.309631	0.761515	0.363623	0.444058	0.523733	0.72262	0.304533	0.645009	0.696509	0.400907	0.102053	0.0675185	0.314487	0.246516	0.292327	0.459205	0.138145	0.265808	0.682433	0.438115	0.641092	0.364998	0.674827	0.132072	0.360623	0.614988	0.511745	0.46347	0.352746	0.369817	0.63832	0.250415	0.491181	0.272735	0.518445	0.474432	0.288519	0.66753	0.494503	0.798179	
0.404983	0.117689	0.582503	0.332453	0.273553	0.417741	0.543946	0.269471	0.229726	0.399189	0.450749	0.500905	0.0826521	0.547852	0.287795	0.535407	0.528296	0.448343	0.633293	0.256186	0.268636	0.225722	0.0389244	0.124752	0.474375	0.616459	0.239403	0.547166	0.515985	0.174102	0.351567	0.62777	0.552503	0.391505	0.194698	0.541632	0.238652	0.638132	0.315642	0.131877	0.348699	0.401196	0.684237	0.315406	0.342789	0.633377	0.170557	0.433497	0.542109	0.565782	
0.655853	0.231044	0.322495	0.29452	0.238605	0.493095	0.781344	0.445678	0.56455	0.442326	0.670601	0.173404	0.299912	0.711561	0.158665	0.340637	0.792223	0.525934	0.593846	0.487862	0.611606	0.562357	0.335608	0.450792	0.717622	0.812836	0.58172	0.884842	0.364373	0.184001	0.150714	0.914753	0.456992	0.697168	0.309371	0.517803	0.109292	0.846311	0.45139	0.356194	0.125168	0.642437	0.902662	0.634662	0.277435	0.828431	0.471123	0.182809	0.65483	0.280129	
0.487261	0.789168	1.18605	0.965069	0.928589	0.928604	0.488368	0.663538	0.455684	0.816527	0.542152	1.16083	0.748592	0.656923	0.921287	1.10027	0.415632	0.940899	1.00507	0.707535	0.422577	0.458315	0.701589	0.606854	0.48352	0.596431	0.462801	0.135774	1.05277	0.838084	1.02938	0.321962	1.02331	0.361233	0.753053	0.940044	0.911433	0.571279	0.704067	0.734838	1.02947	0.509677	0.554281	0.505456	0.90169	0.602869	0.624279	1.06242	0.748826	1.19076	
0.406205	0.0843647	0.425987	0.384488	0.312866	0.527546	0.535266	0.203634	0.337437	0.267377	0.426612	0.374967	0.192144	0.486822	0.137379	0.371473	0.542207	0.560927	0.487108	0.409012	0.401947	0.337668	0.187157	0.28894	0.469712	0.578389	0.38334	0.652765	0.35108	0.0780992	0.32948	0.663859	0.392649	0.449449	0.0683045	0.396281	0.146264	0.608629	0.224571	0.267649	0.314909	0.393851	0.662691	0.477713	0.178647	0.594704	0.334991	0.283902	0.451511	0.416537	
0.793756	0.465678	0.865195	0.262365	0.30583	0.0732528	0.928822	0.690947	0.543925	0.811692	0.852134	0.708953	0.359835	0.962649	0.610569	0.863225	0.894239	0.0663309	1.0358	0.194782	0.506578	0.534659	0.384078	0.364074	0.861227	1.01834	0.462703	0.761166	0.866887	0.501769	0.420319	0.958278	0.931789	0.726757	0.602218	0.945116	0.507917	1.03366	0.736979	0.290619	0.442182	0.796128	1.07193	0.374169	0.713923	1.03505	0.310546	0.716898	0.963488	0.82436	
0.598783	0.144131	0.444094	0.198581	0.128917	0.380577	0.732944	0.407797	0.462436	0.456603	0.627206	0.307784	0.173961	0.692413	0.197879	0.440746	0.73191	0.414477	0.648481	0.353549	0.497997	0.45867	0.216243	0.326424	0.665371	0.782702	0.464105	0.779988	0.449611	0.128238	0.127364	0.844304	0.526342	0.614643	0.273843	0.563235	0.0908846	0.811786	0.429856	0.223084	0.118469	0.589159	0.864577	0.504705	0.316728	0.799154	0.340694	0.293707	0.654006	0.407961	
0.344266	0.660246	1.04371	0.860921	0.817902	0.849316	0.360647	0.519686	0.330272	0.671863	0.402308	1.02492	0.631339	0.523064	0.783884	0.956551	0.28691	0.865832	0.862941	0.623559	0.316186	0.334618	0.582805	0.499447	0.346301	0.474607	0.360094	0.069824	0.908494	0.706554	0.910749	0.226136	0.878703	0.216783	0.613598	0.796352	0.780829	0.45498	0.559522	0.627681	0.908675	0.366615	0.448718	0.436626	0.759174	0.483296	0.526844	0.922935	0.61084	1.05001	
0.375499	0.203779	0.374464	0.496294	0.424155	0.646856	0.487435	0.159067	0.38991	0.151647	0.375269	0.379804	0.310827	0.405304	0.150391	0.295438	0.510111	0.680351	0.3676	0.524216	0.467385	0.392965	0.300094	0.389429	0.429038	0.508164	0.458457	0.684347	0.259878	0.181624	0.418951	0.641973	0.281463	0.455867	0.0795146	0.276566	0.225339	0.54297	0.148413	0.385449	0.399974	0.358141	0.600463	0.57038	0.0910027	0.523442	0.441108	0.260579	0.352479	0.381747	
