10	40
136.315	86.2825
12.7764	150.426
21.3593	77.5327
98.6088	57.112
92.4803	146.402
171.285	58.3964
103.334	153.187
146.497	43.6612
89.9534	25.2071
18.9084	136.156
19.7545
19.1718
15.5401
4.36127
7.68152
9.7402
5.25479
23.5267
16.5984
8.23907
5.12604
1.71624
17.9005
23.2218
7.91625
15.0612
3.67575
1.94564
16.4993
18.0454
20.0103
9.14036
3.68822
4.48837
15.1236
20.1265
7.7941
9.60144
23.2737
9.99378
19.1282
2.35534
5.31758
2.35406
15.1472
10.8945
23.7458
7.07057
3.10645
13.8452
0.658083	0.529879	0.686824	0.104963	0.787393	0.702335	0.236484	0.407692	0.732247	0.643869	0.338424	0.483007	0.75967	0.952246	0.912741	0.308626	0.373364	0.509207	0.352627	0.419763	0.175525	0.424977	0.696315	0.391612	0.867053	0.523144	0.720946	0.0515317	0.545923	0.963333	0.826757	0.207275	0.255454	0.870182	0.836863	0.775477	0.588907	0.887564	0.956174	0.70996	
0.117106	0.137191	0.385277	0.646132	0.168627	0.234126	0.421845	0.426823	0.521503	0.461425	0.617181	0.520741	0.619257	0.352748	0.31082	0.36154	0.427243	0.461735	0.613171	0.260097	0.795862	0.34314	0.08325	0.397106	0.304014	0.372264	0.569147	0.692798	0.392136	0.347198	0.308481	0.651574	0.497972	0.389369	0.273611	0.602484	0.450558	0.2391	0.306783	0.101549	
0.457729	0.392169	0.338799	0.314983	0.692769	0.700045	0.369439	0.589293	0.342179	0.262923	0.118277	0.707442	0.946966	0.694509	0.835005	0.406617	0.558384	0.693741	0.659381	0.28563	0.432622	0.181792	0.51836	0.552524	0.597757	0.191784	0.321473	0.452611	0.681043	0.719757	0.810064	0.238418	0.502469	0.552669	0.574902	0.948339	0.746129	0.705076	0.80457	0.522451	
0.244259	0.310693	0.0375006	0.644048	0.498494	0.594262	0.549679	0.683951	0.167932	0.143938	0.486281	0.800909	0.960116	0.348228	0.624701	0.533407	0.667576	0.757316	0.832068	0.328804	0.782729	0.279314	0.298179	0.645502	0.252652	0.18593	0.224928	0.754624	0.706222	0.38119	0.661955	0.592992	0.679018	0.184857	0.239501	0.947999	0.772314	0.420849	0.531822	0.288663	
0.194268	0.107091	0.426555	0.553093	0.242126	0.219311	0.313422	0.314563	0.555294	0.481223	0.559077	0.415637	0.549773	0.466438	0.376599	0.248797	0.312513	0.361357	0.498033	0.197265	0.700354	0.303244	0.190209	0.282947	0.409653	0.365916	0.593743	0.586319	0.300198	0.462859	0.32897	0.5716	0.381866	0.479298	0.378056	0.538347	0.364327	0.353263	0.409736	0.208546	
0.426556	0.480759	0.158888	0.70304	0.679359	0.775754	0.6718	0.836589	0.0494757	0.138889	0.49835	0.956715	1.13346	0.476653	0.802031	0.671128	0.816038	0.918855	0.966684	0.469766	0.823847	0.386711	0.480097	0.797331	0.392836	0.275042	0.0924518	0.832662	0.874107	0.5155	0.844096	0.629784	0.808223	0.281285	0.390665	1.12308	0.941258	0.585932	0.696681	0.469883	
0.423928	0.289654	0.558035	0.336696	0.497239	0.402995	0.0733951	0.164932	0.653467	0.563128	0.444862	0.282876	0.530592	0.718685	0.616435	0.0257855	0.13362	0.271949	0.273016	0.230611	0.468422	0.314065	0.444169	0.129894	0.64769	0.423667	0.668652	0.330073	0.276116	0.720855	0.527447	0.392885	0.123942	0.686815	0.615667	0.536626	0.334419	0.620486	0.674847	0.460864	
0.263379	0.389573	0.422862	0.897328	0.266076	0.434181	0.69919	0.709497	0.54247	0.528422	0.813091	0.794052	0.838112	0.100418	0.320758	0.644347	0.712421	0.730547	0.898428	0.502644	1.04774	0.542841	0.22395	0.681839	0.146032	0.512916	0.604168	0.963866	0.653903	0.0715618	0.425228	0.881927	0.784119	0.269979	0.147822	0.813724	0.702534	0.081662	0.171095	0.209292	
0.411295	0.521668	0.59353	1.03677	0.296615	0.460515	0.817524	0.785106	0.711847	0.699037	0.972189	0.850466	0.838537	0.235565	0.267461	0.754849	0.795078	0.783255	0.977659	0.642416	1.18729	0.697442	0.358503	0.763792	0.311874	0.678006	0.773881	1.08884	0.702327	0.194291	0.404004	1.03102	0.883287	0.429583	0.317799	0.809423	0.738485	0.162526	0.111012	0.348955	
0.608177	0.497977	0.814077	0.588371	0.540182	0.376935	0.362882	0.136521	0.926899	0.840474	0.740648	0.0301423	0.248397	0.864121	0.602346	0.319447	0.167666	0.0541683	0.202322	0.498708	0.683942	0.600954	0.597711	0.174598	0.819273	0.703859	0.950816	0.514865	0.133293	0.852337	0.469286	0.667579	0.260174	0.893106	0.788411	0.264986	0.113731	0.716014	0.724928	0.616282	
