10	50
34.9518	23.2363
6.38296	19.9404
22.7693	106.071
14.3073	143.581
47.8775	70.074
13.8304	34.603
39.4633	133.787
31.777	88.6288
65.4848	113.826
59.2302	24.5672
9.01776
0.414203
0.15172
8.24245
5.30529
7.06373
8.3582
7.23236
4.02934
0.924115
7.7559
8.33655
2.54182
4.52053
0.905568
1.47861
8.16771
4.01443
6.45026
6.51002
6.18367
8.95695
3.1887
6.06963
4.63037
8.68988
0.730666
7.99089
7.24875
7.89518
2.97288
4.7302
7.72414
1.48551
3.31665
2.20095
0.962721
3.62256
7.54525
5.11514
5.13377
8.4061
7.21347
5.20505
0.790422
2.0909
2.67375
9.05008
8.23903
1.28787
0.487718	0.0748467	0.263637	0.606055	0.634426	0.484492	0.683206	0.652394	0.599606	0.637331	0.454724	0.543904	0.543804	0.457267	0.649166	0.702428	0.94909	0.209047	0.255812	0.647024	0.42644	0.636757	0.731784	0.379938	0.449694	0.404354	0.0635414	0.719826	0.817106	0.461199	0.696454	0.842168	0.19946	0.751305	0.128012	0.711319	0.154699	0.206538	0.653905	0.300355	0.835838	0.200024	0.748619	0.867634	0.0808591	0.342037	0.463939	0.922591	0.803623	0.363716	
0.800199	0.654833	0.717868	0.868579	0.342805	0.329314	0.104015	0.699025	0.233776	0.724237	0.75065	0.184151	0.0973269	0.653281	0.690875	0.664567	0.603729	0.485485	0.373251	0.200842	0.287621	0.912662	0.460826	0.414477	0.180995	0.179148	0.627814	0.394573	0.41596	0.173339	0.153577	0.262748	0.386985	0.308891	0.549629	0.282588	0.425477	0.474012	0.152722	0.280066	0.385479	0.694416	0.332677	0.426069	0.649769	0.743141	0.135245	0.439628	0.223469	0.249316	
0.848888	0.604666	0.721307	0.933769	0.487794	0.436644	0.217168	0.803889	0.0949543	0.821983	0.80027	0.0258804	0.0656516	0.719636	0.79626	0.784719	0.76515	0.49808	0.285364	0.117108	0.374455	0.97656	0.610691	0.273485	0.267349	0.159739	0.588352	0.263332	0.320696	0.0723002	0.181344	0.353618	0.332674	0.231023	0.537773	0.444096	0.3852	0.377327	0.315553	0.261545	0.317898	0.602191	0.23911	0.588843	0.609167	0.763883	0.0993709	0.397388	0.329701	0.167551	
0.769482	0.613816	0.680353	0.841361	0.342379	0.31082	0.14449	0.68194	0.230125	0.704993	0.719964	0.171672	0.0846945	0.625653	0.673936	0.652856	0.61899	0.448123	0.33374	0.209781	0.261932	0.885262	0.464072	0.382619	0.152197	0.1383	0.587063	0.396577	0.42891	0.142472	0.183226	0.303461	0.345913	0.324136	0.510243	0.298689	0.384443	0.43464	0.174629	0.239142	0.404624	0.654165	0.344686	0.449075	0.609003	0.707791	0.098989	0.464776	0.264554	0.210999	
0.785592	0.455688	0.616132	0.886132	0.574311	0.477031	0.394325	0.811717	0.222296	0.819438	0.740219	0.184267	0.231557	0.683324	0.805146	0.815111	0.8821	0.420749	0.132565	0.282862	0.401862	0.925965	0.699028	0.0991868	0.323916	0.182838	0.449582	0.333236	0.430113	0.142995	0.365281	0.537383	0.209044	0.371988	0.429822	0.5704	0.266746	0.203941	0.455944	0.208638	0.453412	0.424703	0.364917	0.727712	0.468223	0.674266	0.185677	0.543235	0.511531	0.101959	
1.09412	0.925878	1.01145	1.1571	0.570918	0.607487	0.201999	0.964119	0.299648	0.995128	1.04461	0.324593	0.307591	0.943371	0.95568	0.913223	0.727587	0.779463	0.613198	0.229431	0.578362	1.20138	0.66217	0.586628	0.475982	0.450711	0.904859	0.344428	0.277909	0.392935	0.155141	0.119766	0.652034	0.203744	0.837922	0.453582	0.699476	0.706051	0.348415	0.559957	0.208991	0.930767	0.237618	0.521811	0.926376	1.03908	0.388067	0.198579	0.151426	0.490817	
0.794449	0.778058	0.777374	0.834812	0.208785	0.294741	0.205691	0.610919	0.441452	0.646912	0.746829	0.398668	0.312676	0.632595	0.602408	0.550202	0.394928	0.557041	0.549979	0.393227	0.305933	0.878652	0.292997	0.620169	0.257995	0.353726	0.741937	0.589428	0.584288	0.381678	0.299846	0.267697	0.537877	0.477407	0.641178	0.0850796	0.559606	0.649182	0.0650488	0.422105	0.53542	0.855564	0.508275	0.210705	0.763567	0.779131	0.335358	0.559994	0.223241	0.438033	
0.802614	0.491405	0.642204	0.899905	0.555591	0.467565	0.354801	0.812385	0.182049	0.822534	0.756292	0.14189	0.192591	0.693552	0.80554	0.810603	0.857969	0.438544	0.16577	0.24091	0.394111	0.940548	0.680727	0.13438	0.3077	0.165743	0.482839	0.303956	0.395926	0.108133	0.323206	0.495905	0.235269	0.332894	0.455357	0.542895	0.292856	0.244456	0.424605	0.214066	0.415611	0.466483	0.327639	0.698064	0.50209	0.69695	0.155355	0.504452	0.470864	0.0981316	
0.8021	0.38646	0.596127	0.913901	0.71228	0.594872	0.563714	0.890004	0.370591	0.889219	0.762121	0.347556	0.400992	0.730629	0.884491	0.910174	1.02916	0.452215	0.166365	0.438597	0.518487	0.949551	0.834183	0.0816084	0.463553	0.332882	0.398194	0.432294	0.542834	0.311732	0.530611	0.704714	0.240012	0.508983	0.424804	0.726346	0.282576	0.133089	0.618798	0.310748	0.58168	0.294662	0.493762	0.886481	0.411251	0.66869	0.350853	0.674478	0.680258	0.246663	
0.775628	0.415243	0.592493	0.88068	0.613315	0.505938	0.453247	0.825273	0.276774	0.829631	0.731939	0.243188	0.290397	0.684112	0.819104	0.835559	0.926168	0.412775	0.109103	0.340075	0.429614	0.919153	0.736982	0.0558081	0.362581	0.226181	0.41417	0.371353	0.47414	0.20033	0.424786	0.59701	0.193381	0.423782	0.408884	0.618844	0.248511	0.154662	0.508473	0.225681	0.502801	0.369486	0.413946	0.777924	0.431441	0.655919	0.239572	0.59395	0.570949	0.14005	
