10	20
67.8564	23.9612
38.9775	95.6163
132.224	52.1109
126.966	51.0191
14.8231	121.221
125.505	56.9593
116.361	151.176
17.6617	19.7416
53.4917	89.8908
38.1109	145.365
30.2237
28.3423
2.49187
30.8793
36.9973
9.72664
32.1658
37.7956
21.0874
20.0229
37.2576
2.34237
17.8691
2.14522
11.3571
35.5746
1.96282
14.9205
11.0933
19.2749
0.8027	0.861222	0.758084	0.493399	1.01622	0.38789	0.0731185	0.623973	0.878729	0.426178	0.891543	0.191449	0.828589	0.167761	0.429701	0.374671	0.640924	0.474283	0.620668	0.129337	
0.301503	0.227281	0.23461	0.754799	0.200855	0.916871	0.949182	0.405879	0.801248	0.600507	0.317908	0.83528	0.142085	1.00618	0.559803	0.902305	0.46955	0.502942	0.715012	0.963618	
0.497442	0.452742	0.0859678	0.53763	0.222717	0.723456	0.874397	0.513078	0.534181	0.634947	0.089598	0.801921	0.348507	0.875216	0.402797	0.711652	0.592694	0.538701	0.824878	0.904005	
0.912044	0.898212	0.524457	0.251409	0.693779	0.426919	0.815784	0.839877	0.135647	0.833064	0.484779	0.840823	0.800045	0.696261	0.407601	0.427285	0.914899	0.773082	1.08301	0.868141	
0.887633	0.942919	0.812614	0.484858	1.07262	0.345477	0.131949	0.710923	0.870906	0.517872	0.93483	0.282043	0.904803	0.081053	0.468101	0.335408	0.731193	0.561475	0.713314	0.187592	
0.744661	0.800067	0.687957	0.443977	0.946222	0.363778	0.131942	0.56855	0.825734	0.381735	0.821885	0.186163	0.763728	0.199797	0.361625	0.348628	0.591505	0.41939	0.594816	0.17871	
0.771671	0.825596	0.701885	0.43198	0.961099	0.34006	0.135369	0.596659	0.816288	0.412317	0.831401	0.213658	0.78688	0.169539	0.367565	0.325508	0.621121	0.447876	0.625852	0.188069	
0.79764	0.797101	0.455766	0.108815	0.673112	0.309961	0.65398	0.703344	0.300844	0.674357	0.474895	0.673434	0.70634	0.551987	0.248693	0.3046	0.77437	0.621509	0.926985	0.704865	
0.967274	0.984358	0.685006	0.15897	0.917987	0.109182	0.563366	0.838047	0.456996	0.742937	0.724365	0.643781	0.905003	0.395092	0.379466	0.119013	0.896221	0.721815	0.994039	0.621291	
0.349517	0.421456	0.499221	0.638321	0.707352	0.683504	0.474409	0.166908	0.924884	0.0590281	0.673408	0.324129	0.421384	0.613971	0.407507	0.665597	0.176634	0.0454253	0.273117	0.467985	
