15	20
139.647	69.9179
2.46596	95.1159
154.508	68.4925
23.6213	157.448
39.2467	13.6502
147.377	83.8983
69.5054	36.63
91.2514	135.494
116.134	157.484
88.6153	39.0873
138.228	128.75
85.8308	16.6321
10.2409	105.443
1.7528	72.1598
29.572	105.174
15.1149
48.6138
50.4997
11.8809
27.7393
26.1584
0.284869
41.8181
49.0126
40.0854
13.9942
34.6256
29.0904
60.8231
22.1041
5.23014
29.6171
51.5613
46.5238
37.9108
0.160449	0.507174	0.446732	0.775959	0.29617	0.288927	0.493462	0.785524	0.487631	0.190312	0.337186	0.752705	0.430874	0.15992	0.47658	0.196202	0.630323	0.862988	0.615043	0.0737835	
0.807052	0.393548	0.363122	0.371604	0.773137	0.73107	0.394452	0.0274275	0.571983	0.607695	0.435554	0.00683963	0.888258	0.906149	0.600959	0.601067	0.137195	0.196565	0.646277	0.831313	
0.699876	0.440032	0.243296	0.223361	0.641746	0.600214	0.435176	0.190991	0.413701	0.562656	0.398908	0.165588	0.743554	0.838578	0.443782	0.501867	0.106673	0.180554	0.478805	0.756184	
0.58712	0.674163	0.300375	0.211146	0.463764	0.432471	0.663435	0.534415	0.177872	0.627002	0.527878	0.50972	0.503322	0.806248	0.202441	0.459519	0.416952	0.440985	0.149178	0.717367	
0.470818	0.589242	0.209786	0.287273	0.358653	0.323452	0.577188	0.526364	0.0798633	0.50915	0.42403	0.496947	0.423988	0.684458	0.110793	0.337052	0.382961	0.477708	0.161499	0.595501	
0.465747	0.27707	0.103764	0.423274	0.453366	0.41231	0.264882	0.370557	0.344862	0.292049	0.13827	0.337056	0.58724	0.571486	0.36347	0.259056	0.211344	0.449644	0.471291	0.492227	
0.261722	0.602157	0.601827	0.934062	0.416691	0.420903	0.5901	0.923041	0.640802	0.295614	0.464435	0.891113	0.52731	0.0168407	0.627468	0.354605	0.773725	1.01328	0.763354	0.0910688	
0.771373	0.152292	0.512701	0.738126	0.819971	0.783913	0.167101	0.427906	0.759278	0.458974	0.357792	0.417096	0.967323	0.743353	0.777634	0.594113	0.411344	0.617036	0.882732	0.701109	
0.132439	0.682117	0.574405	0.876258	0.276907	0.294911	0.668295	0.939292	0.54308	0.365588	0.505332	0.905831	0.36145	0.163277	0.523185	0.315609	0.778843	0.996334	0.64788	0.135162	
0.821527	0.21379	0.491869	0.660469	0.847155	0.808163	0.226107	0.315697	0.741465	0.52946	0.394215	0.311246	0.988567	0.82874	0.763776	0.628373	0.338518	0.509993	0.853011	0.776405	
0.363626	0.259241	0.261529	0.603501	0.414487	0.381457	0.244539	0.530192	0.433846	0.105427	0.0722511	0.498548	0.564384	0.401985	0.440404	0.187993	0.385297	0.633569	0.573259	0.332536	
0.536553	0.944669	0.584736	0.605592	0.383516	0.389751	0.930944	0.917729	0.335387	0.761798	0.750327	0.889461	0.287598	0.788669	0.313074	0.557052	0.777421	0.840241	0.251749	0.714702	
0.616109	1.08599	0.735489	0.758893	0.475822	0.493515	1.07191	1.07498	0.488245	0.87885	0.886838	1.04655	0.343575	0.858999	0.463783	0.677604	0.933344	0.996063	0.408718	0.794831	
0.436029	0.188169	0.30996	0.640745	0.495887	0.463467	0.174118	0.514031	0.506957	0.132743	0.0798649	0.48468	0.646094	0.437565	0.515775	0.269883	0.385777	0.639911	0.645182	0.379523	
0.711889	0.615949	0.306278	0.0378769	0.613734	0.576535	0.608607	0.372248	0.336087	0.664201	0.524471	0.354218	0.679392	0.898723	0.36625	0.543338	0.299304	0.24929	0.343244	0.810794	
