15	50
86.3006	144.712
4.4967	109.106
48.8899	149.083
53.0761	159.37
41.5585	112.091
36.4568	104.113
73.3082	93.2299
11.8148	152.712
15.4071	140.602
44.5613	41.8652
28.9869	22.8126
62.3414	84.362
72.4002	37.8528
2.59793	132.556
75.2423	102.03
1.06879
11.9368
8.6438
17.5646
17.5466
7.59913
20.7813
5.84068
19.3495
5.11231
19.4523
3.7442
12.3886
17.3639
17.4107
9.85487
0.498256
3.03454
11.0558
7.42149
10.5443
1.401
19.159
16.2768
9.9469
14.6154
10.6247
11.5332
8.80048
1.93313
1.01747
12.2931
6.16616
6.00309
2.9367
13.697
15.0853
3.98373
19.2653
9.03819
13.0627
15.2439
3.51367
20.3139
7.59803
11.7152
20.9193
3.72016
7.435
13.3218
0.675823	0.5776	0.318302	0.88687	0.98188	1.01814	1.01423	0.743591	0.48602	0.991158	0.30526	0.200974	0.497182	0.34905	0.151475	0.615594	0.867366	0.597955	0.678811	1.07389	0.58744	1.06119	0.231409	0.63495	1.02403	0.619537	0.647144	0.957598	0.953978	0.284615	0.623632	0.874686	0.581135	0.516341	0.493767	0.186598	0.954397	0.657692	0.618814	0.895866	0.669014	0.612029	0.834058	1.11973	0.499358	0.46364	0.636438	0.608139	0.257696	0.932513	
0.3322	0.310617	0.746796	0.153613	0.412374	0.217855	0.762867	0.815531	0.844293	0.191796	0.6634	0.867389	0.846633	0.610084	0.867297	0.833637	0.487553	0.256103	0.625299	0.850119	0.882359	0.688759	0.758137	0.18167	0.692366	0.934388	0.244145	0.751925	0.438592	0.652887	0.427088	0.0824516	0.632655	0.28559	0.310025	0.71575	0.570384	0.231982	0.188271	0.526123	0.139608	0.52465	0.461394	0.81239	0.680686	0.33869	0.166062	0.926369	0.738832	0.319714	
0.735217	1.01168	0.969	1.03112	0.941017	1.20801	0.692394	0.338091	0.219757	1.18185	0.462914	0.469876	0.213116	0.947853	0.525366	0.226955	0.751893	0.992655	0.476328	0.698932	0.16551	0.814993	0.453635	0.876647	0.763651	0.115507	0.803626	0.630766	0.885821	0.90153	0.63303	1.08032	0.424558	0.836041	0.855766	0.520822	0.779212	1.04942	0.883539	0.749947	0.9761	0.539143	0.740873	0.792284	0.36659	0.829382	0.913513	0.121738	0.908084	0.955069	
0.328167	0.527739	0.945822	0.073403	0.221381	0.179325	0.623422	0.77087	0.878038	0.162397	0.749573	0.97496	0.877463	0.811392	0.986519	0.829605	0.364501	0.470657	0.58864	0.707314	0.890999	0.520908	0.85662	0.322279	0.537511	0.939717	0.306962	0.629308	0.266479	0.845995	0.427749	0.154381	0.631317	0.448703	0.48733	0.829024	0.420366	0.454653	0.344877	0.394329	0.345363	0.516863	0.352624	0.649089	0.705882	0.509512	0.338915	0.933942	0.929891	0.13744	
0.750592	0.966248	0.871318	1.0452	0.988797	1.21861	0.786568	0.427272	0.200105	1.19156	0.407342	0.358082	0.200414	0.865024	0.411756	0.286156	0.806055	0.954532	0.52684	0.803615	0.212422	0.898841	0.368567	0.863699	0.848382	0.186483	0.80352	0.72329	0.936834	0.813202	0.650117	1.08383	0.453445	0.804843	0.817404	0.43723	0.847305	1.01403	0.866321	0.810454	0.954995	0.56458	0.789615	0.890928	0.372006	0.788598	0.895443	0.183645	0.810013	0.990648	
0.331239	0.765515	1.09176	0.402357	0.149244	0.542482	0.264272	0.512653	0.724828	0.527836	0.703968	0.932297	0.719695	0.974525	0.963301	0.624125	0.116414	0.709422	0.382136	0.34436	0.696708	0.156763	0.813507	0.5072	0.172623	0.73464	0.416337	0.28465	0.0996036	0.985588	0.3596	0.495773	0.470715	0.605428	0.653879	0.815594	0.0699673	0.721833	0.53526	0.0978943	0.594726	0.386596	0.148951	0.284068	0.569612	0.659864	0.550416	0.732902	1.05702	0.229358	
0.774912	1.00815	0.92175	1.07069	1.00237	1.24548	0.779779	0.421292	0.228477	1.21868	0.449785	0.408956	0.226509	0.913838	0.462617	0.290235	0.816732	0.994693	0.53761	0.791378	0.218207	0.897213	0.416771	0.897026	0.846246	0.18154	0.832901	0.717162	0.949063	0.862685	0.673458	1.11273	0.471403	0.842975	0.857364	0.485457	0.852479	1.05362	0.900856	0.818637	0.990783	0.584635	0.802321	0.882054	0.39681	0.829083	0.93028	0.181907	0.860451	1.00871	
0.216778	0.637456	0.840646	0.499474	0.405851	0.677217	0.351476	0.26691	0.390872	0.652559	0.374678	0.59608	0.38719	0.746487	0.631128	0.316458	0.229553	0.594744	0.0767123	0.423312	0.382168	0.391333	0.480113	0.413725	0.35289	0.428254	0.314682	0.302735	0.355214	0.738102	0.130277	0.562706	0.132022	0.442307	0.48425	0.49208	0.295438	0.634594	0.432642	0.244208	0.524572	0.0622851	0.208203	0.452303	0.228857	0.473809	0.460811	0.423569	0.794865	0.411901	
0.0779716	0.468639	0.805789	0.224873	0.243769	0.402685	0.488202	0.540997	0.626769	0.377485	0.510149	0.740631	0.62625	0.682879	0.758352	0.583334	0.21772	0.413684	0.352073	0.57526	0.642222	0.438571	0.62016	0.209982	0.430281	0.691842	0.118772	0.470506	0.230452	0.700088	0.176555	0.288343	0.382652	0.308579	0.356793	0.60117	0.312635	0.432433	0.237657	0.258362	0.306429	0.268097	0.185637	0.552191	0.454636	0.36535	0.255307	0.685575	0.776388	0.190834	
0.368342	0.517005	0.554458	0.63577	0.665452	0.797494	0.667739	0.431973	0.275587	0.76974	0.0658138	0.297016	0.282269	0.490689	0.320371	0.342521	0.528947	0.501376	0.333891	0.730461	0.352201	0.714431	0.176024	0.420632	0.676494	0.401486	0.381769	0.612489	0.629179	0.462141	0.292916	0.655568	0.24068	0.350874	0.364018	0.170475	0.611182	0.560258	0.419062	0.554249	0.503891	0.265481	0.497771	0.77245	0.181039	0.336081	0.447005	0.390549	0.500919	0.63306	
0.509559	0.819669	0.857283	0.805133	0.721212	0.982262	0.525184	0.176138	0.121128	0.95626	0.314269	0.431208	0.110886	0.808279	0.483445	0.0261619	0.53529	0.793842	0.256144	0.554558	0.0635349	0.629167	0.35823	0.660553	0.579448	0.110857	0.581943	0.461437	0.667631	0.773521	0.407457	0.856189	0.198381	0.633828	0.659761	0.411589	0.574157	0.847384	0.66996	0.537988	0.764014	0.312896	0.521028	0.632572	0.155163	0.636451	0.700127	0.105083	0.79944	0.730647	
0.380482	0.0932216	0.452804	0.422155	0.620233	0.511525	0.859747	0.781028	0.703315	0.486599	0.474306	0.632738	0.709221	0.317152	0.619732	0.743411	0.607303	0.0754431	0.609737	0.943476	0.770394	0.831742	0.542121	0.192137	0.817439	0.821984	0.280633	0.827589	0.621739	0.356912	0.421251	0.377442	0.569065	0.104726	0.0677931	0.484987	0.705383	0.137328	0.164004	0.647449	0.156565	0.495719	0.572025	0.93789	0.572419	0.0928709	0.158798	0.811743	0.442757	0.539186	
0.258242	0.306056	0.504555	0.45046	0.556863	0.59507	0.699436	0.573631	0.495128	0.567381	0.281978	0.480518	0.500278	0.394577	0.483413	0.529996	0.48099	0.280884	0.413017	0.77779	0.557961	0.700169	0.371208	0.207337	0.675511	0.60984	0.208717	0.657987	0.538344	0.398521	0.250541	0.450452	0.360326	0.124731	0.145702	0.329257	0.578204	0.337177	0.199442	0.517296	0.278536	0.302116	0.444741	0.789965	0.359007	0.124057	0.225086	0.599796	0.469031	0.498176	
0.737993	0.459714	0.0570116	0.869757	1.03003	0.962988	1.15658	0.940503	0.719042	0.938669	0.495822	0.46107	0.72958	0.151248	0.412809	0.832357	0.959487	0.501846	0.834649	1.22739	0.817716	1.17467	0.463141	0.620475	1.14587	0.856211	0.672797	1.10711	1.01625	0.096166	0.720472	0.830372	0.748654	0.49475	0.453405	0.399875	1.05546	0.549557	0.596189	0.994551	0.609508	0.742979	0.923461	1.25473	0.688227	0.433399	0.602091	0.844582	0.0109916	0.961759	
0.469318	0.0772005	0.37779	0.506187	0.711724	0.579796	0.946325	0.84815	0.743141	0.556434	0.503931	0.632585	0.750109	0.240839	0.611752	0.797811	0.697505	0.116711	0.684107	1.02916	0.817963	0.922114	0.55553	0.283899	0.906709	0.868367	0.371631	0.912104	0.713664	0.29041	0.502947	0.453194	0.634817	0.188392	0.142182	0.492586	0.795837	0.165003	0.255694	0.737459	0.234934	0.570996	0.661985	1.02665	0.626581	0.152343	0.248538	0.857647	0.376443	0.629804	
