15	40
12.1527	84.7622
89.2965	118.546
73.0126	37.6664
65.0229	150.633
12.6414	56.6069
0.541154	145.056
45.2702	101.9
46.8495	131.277
71.511	64.5189
42.0868	74.2863
0.633649	104.966
66.1921	90.5434
20.8658	118.346
61.3453	13.8776
52.6598	147.078
4.31705
20.3492
13.1595
20.7876
8.75637
9.90028
13.8305
24.9496
18.5493
22.3586
24.0651
19.4339
7.39918
15.0804
9.27323
14.1314
3.06852
2.91204
7.2539
5.26257
16.1348
13.2923
7.46298
1.62998
13.1717
2.20671
16.0875
7.26416
19.768
13.5907
11.2241
25.2068
8.32409
12.5183
3.33384
18.792
11.3476
3.89652
2.17621
7.75441
0.279759	0.823504	0.490683	0.681098	0.638044	0.127243	0.506916	0.55858	0.998867	0.889287	0.346856	0.584792	0.883649	0.917207	0.437059	0.66148	0.532983	0.456105	0.354389	0.696023	0.681364	0.365557	0.355109	0.805017	0.646595	0.422448	0.537732	0.468644	0.781396	0.732387	0.599081	0.749163	0.701316	0.834306	0.515984	0.60398	0.913781	1.08909	0.990687	0.556234	
0.526219	0.16727	0.735187	0.202047	0.583036	0.678929	0.365173	0.567193	0.609676	0.194837	0.457026	0.601744	0.264491	0.270408	0.918567	0.159548	0.574154	0.488146	0.892961	0.62036	0.376889	0.664653	0.535374	0.375655	0.220478	0.607737	0.550349	0.616713	0.0283079	0.262088	0.437952	0.163742	0.314557	0.302866	0.690692	0.218414	0.189724	0.336011	0.224365	0.64995	
0.440257	0.421372	0.849775	0.570854	0.0806542	0.512028	0.546313	0.773725	0.419461	0.471037	0.403351	0.0784276	0.755608	0.454039	0.449937	0.379844	0.761526	0.142789	0.458541	0.14274	0.715086	0.244623	0.582237	0.793161	0.306049	0.171162	0.746506	0.749863	0.521469	0.664976	0.702226	0.602468	0.230344	0.758492	0.18168	0.339703	0.505115	0.857029	0.745922	0.12983	
0.315757	0.644756	0.210063	0.327221	0.786168	0.40186	0.181424	0.0687762	1.01742	0.699074	0.314858	0.762182	0.457926	0.762543	0.859072	0.474349	0.057407	0.573628	0.79231	0.847916	0.211602	0.650594	0.164637	0.328888	0.522759	0.648459	0.0412431	0.0949617	0.497386	0.314619	0.115037	0.386588	0.650442	0.387811	0.774485	0.453468	0.705679	0.68953	0.619916	0.774746	
0.656077	0.465072	0.681229	0.259099	0.868305	0.801025	0.420277	0.494914	0.905874	0.475079	0.60143	0.878326	0.0470937	0.551375	1.14616	0.421146	0.514215	0.733809	1.10482	0.911613	0.278941	0.893543	0.58752	0.178587	0.49671	0.850461	0.492459	0.582037	0.291606	0.194849	0.375334	0.204427	0.610907	0.10254	0.951984	0.463785	0.456268	0.208729	0.185282	0.920136	
0.667979	0.383953	0.750068	0.264682	0.814165	0.818504	0.447215	0.564345	0.818499	0.384874	0.606775	0.830313	0.102549	0.459597	1.12556	0.375243	0.580823	0.701754	1.0911	0.852519	0.344392	0.870785	0.623068	0.266815	0.446071	0.82089	0.557792	0.643465	0.230565	0.235348	0.436816	0.196794	0.546742	0.179911	0.913424	0.426352	0.3628	0.145028	0.0832021	0.876282	
0.515918	0.613373	0.928577	0.739434	0.163848	0.533128	0.681213	0.886814	0.524469	0.661502	0.503314	0.117897	0.934608	0.639166	0.290374	0.563291	0.870402	0.257924	0.325782	0.18501	0.865405	0.199324	0.672631	0.955747	0.492695	0.171449	0.859292	0.844053	0.708634	0.831454	0.836898	0.778626	0.421952	0.930238	0.047159	0.51688	0.695784	1.04738	0.935981	0.062685	
0.300783	0.608214	0.24558	0.292077	0.757695	0.39923	0.146011	0.09779	0.982855	0.662526	0.292657	0.735407	0.430591	0.726006	0.846809	0.438131	0.0919836	0.547295	0.782264	0.818981	0.188187	0.631976	0.158859	0.309439	0.487435	0.626316	0.0718496	0.128428	0.46141	0.284233	0.0933706	0.352665	0.61593	0.362695	0.751905	0.418175	0.669224	0.661131	0.588677	0.749929	
0.798372	0.354488	1.1545	0.692599	0.418752	0.911898	0.782985	1.02272	0.113338	0.33516	0.737902	0.475886	0.779402	0.259454	0.866375	0.494088	1.02076	0.546554	0.889675	0.394358	0.874892	0.68401	0.89809	0.89473	0.442063	0.610318	0.9995	1.03823	0.541003	0.773407	0.910126	0.677788	0.324222	0.823642	0.592774	0.51129	0.356408	0.753262	0.666267	0.531482	
0.319546	0.45894	0.40199	0.136384	0.674998	0.457336	0.0770962	0.237051	0.855164	0.510324	0.276973	0.663517	0.305315	0.576583	0.846985	0.297964	0.241512	0.484124	0.793819	0.732296	0.124633	0.607764	0.242531	0.234089	0.358173	0.583911	0.217995	0.284316	0.30523	0.152165	0.118488	0.200287	0.492215	0.252205	0.703352	0.291346	0.515182	0.52629	0.443727	0.689067	
0.137253	0.58533	0.299674	0.343642	0.631454	0.239477	0.157116	0.244872	0.902315	0.64749	0.149035	0.601174	0.532062	0.698673	0.681096	0.405921	0.225521	0.413323	0.615932	0.694639	0.321945	0.473514	0.032921	0.445417	0.430798	0.476193	0.21805	0.198762	0.481393	0.378994	0.244101	0.412865	0.541439	0.47745	0.602454	0.365502	0.662413	0.749295	0.659999	0.60773	
0.0393847	0.524856	0.43779	0.375287	0.490619	0.189318	0.224417	0.388475	0.785697	0.590316	0.0326215	0.457223	0.584805	0.628614	0.552572	0.35352	0.370674	0.271285	0.494914	0.554194	0.419098	0.330573	0.173074	0.534686	0.352501	0.329709	0.361149	0.34435	0.46725	0.43963	0.361704	0.441176	0.43904	0.54561	0.455983	0.299437	0.611601	0.779305	0.678355	0.461607	
0.5511	0.0136201	0.838095	0.338517	0.45552	0.694527	0.457965	0.686961	0.443287	0.0792821	0.481203	0.48569	0.430682	0.127446	0.842028	0.167783	0.689032	0.417937	0.830652	0.482457	0.521071	0.597815	0.604942	0.537245	0.163533	0.530757	0.666272	0.718811	0.184212	0.416066	0.565728	0.32011	0.180976	0.468295	0.589374	0.213255	0.106234	0.463134	0.356913	0.539985	
0.344597	0.764115	0.68505	0.722474	0.463974	0.259569	0.583361	0.709787	0.841459	0.826972	0.383758	0.406001	0.934787	0.836363	0.220123	0.633534	0.686768	0.339605	0.144915	0.51379	0.777278	0.182675	0.483798	0.893676	0.593417	0.255564	0.68481	0.635505	0.775061	0.795117	0.713057	0.783418	0.604082	0.901616	0.313522	0.573524	0.856744	1.1109	1.00347	0.364407	
0.458918	0.90598	0.058357	0.595495	0.974657	0.454234	0.437911	0.241285	1.25177	0.962764	0.495487	0.939152	0.70876	1.0232	0.929775	0.730632	0.225964	0.755295	0.850845	1.03828	0.461242	0.7768	0.318397	0.559485	0.769465	0.798373	0.249689	0.177584	0.765244	0.57585	0.37094	0.653744	0.888152	0.633572	0.92147	0.701088	0.971173	0.940842	0.880522	0.937414	
