15	20
135.974	113.83
120.987	20.6514
176.615	136.692
120.698	105.823
108.43	81.2147
146.917	122.504
161.67	110.906
40.6043	103.88
160.718	111.33
172.808	96.9556
29.5273	62.5427
32.2573	72.9623
65.3523	99.9537
140.243	82.48
179.203	109.397
28.6897
60.4846
29.7052
49.5721
19.0379
42.3356
32.6573
28.3178
30.6527
49.1369
24.0306
41.0986
16.625
6.10498
2.58538
16.5886
28.0304
66.3542
74.5076
69.0458
0.193619	0.149302	0.873267	0.810204	0.0578572	0.507676	0.724911	0.41904	0.604361	0.632233	0.756707	0.281799	0.904401	0.69692	0.705749	0.408606	0.341089	0.900977	0.377124	0.375237	
0.524265	0.391193	0.758689	0.362683	0.5136	0.683508	0.685028	0.881449	1.04062	0.827759	0.325212	0.302607	0.556822	0.763817	0.416729	0.304821	0.41977	0.929846	0.319831	0.747901	
0.282851	0.360941	0.465549	0.451449	0.453165	0.300967	0.342145	0.59341	0.716836	0.442114	0.39817	0.423167	0.483885	0.386894	0.28622	0.0852488	0.580641	0.57201	0.527458	0.426586	
0.521261	0.747255	0.684632	1.04234	0.72529	0.330035	0.552245	0.328133	0.238012	0.234944	0.99472	0.886526	0.976669	0.41163	0.828018	0.693781	0.997132	0.513572	1.00253	0.293212	
0.398012	0.346014	0.594065	0.336861	0.467732	0.505692	0.506676	0.748867	0.893565	0.647601	0.283983	0.330062	0.465368	0.580348	0.285397	0.129244	0.48357	0.749871	0.40313	0.598531	
0.410596	0.61673	0.810645	1.05681	0.564362	0.379119	0.658814	0.10923	0.111431	0.369812	1.00454	0.762197	1.03927	0.53916	0.86372	0.657799	0.847533	0.689791	0.872051	0.183842	
0.649495	0.714036	0.260977	0.297545	0.818585	0.520714	0.294039	0.913768	0.994153	0.596955	0.280572	0.734418	0.147475	0.436569	0.126957	0.40301	0.891113	0.501087	0.812541	0.736643	
0.778953	0.971815	0.325406	0.874055	1.01702	0.465472	0.332617	0.805016	0.766517	0.369804	0.847319	1.06891	0.70367	0.280426	0.660735	0.740158	1.21972	0.0869026	1.1795	0.671581	
0.182901	0.171189	0.868174	0.8222	0.0831021	0.493509	0.718049	0.392929	0.578358	0.614986	0.768399	0.306674	0.910395	0.685157	0.71138	0.415422	0.366996	0.888834	0.403125	0.352575	
0.248319	0.473274	0.653586	0.860305	0.455187	0.208699	0.495769	0.206722	0.305558	0.266461	0.807982	0.61371	0.849535	0.399164	0.669612	0.464265	0.723231	0.582185	0.729134	0.0366095	
0.236812	0.272748	0.556354	0.477634	0.372091	0.351365	0.431853	0.578443	0.720198	0.498374	0.423023	0.333092	0.546131	0.466155	0.347129	0.0550826	0.49	0.657236	0.439578	0.425188	
0.390266	0.355024	0.566921	0.333554	0.474647	0.48257	0.478715	0.737434	0.878493	0.623317	0.279657	0.34917	0.449138	0.553204	0.264472	0.110424	0.504504	0.721969	0.426549	0.583707	
0.443981	0.657786	0.784818	1.06251	0.612801	0.36682	0.63704	0.168758	0.106917	0.335374	1.01123	0.802508	1.03197	0.51035	0.862702	0.674183	0.89436	0.649212	0.914338	0.2078	
0.378759	0.551659	0.322943	0.59912	0.609017	0.135648	0.164272	0.545426	0.608384	0.226683	0.554359	0.645938	0.53295	0.145181	0.380671	0.328986	0.796865	0.342534	0.757338	0.370479	
0.355681	0.339912	0.547811	0.361724	0.455757	0.442738	0.451184	0.69967	0.838857	0.584293	0.307236	0.350771	0.459188	0.519072	0.267148	0.0702906	0.508716	0.692373	0.436837	0.544262	
