15	50
36.8527	149.857
22.1878	39.5036
47.315	97.031
68.4221	26.0674
33.4146	123.063
43.4944	38.5843
4.01925	54.189
85.5385	38.3264
32.673	22.8374
37.5916	130.767
77.7177	20.8435
29.2923	65.4654
31.3094	137.697
35.4864	97.4707
21.9513	152.05
8.64845
1.1524
16.0904
16.1625
15.6897
0.862504
8.07941
16.8515
17.3522
12.6176
12.7898
15.0739
18.002
6.14998
8.89434
16.4705
0.345808
19.5783
19.3918
18.0439
17.1452
10.2987
13.1515
11.752
7.95334
16.5755
13.6575
9.33486
5.61069
3.2488
15.5689
9.74133
18.7761
3.02594
18.0928
11.421
15.8204
1.78239
1.73479
17.1728
15.806
15.4018
5.6838
11.6005
6.92366
16.2306
13.548
19.1017
15.0661
7.40241
0.120491	0.207334	0.471145	0.559381	0.515356	0.0522333	0.521365	0.479568	0.477748	0.651014	0.201037	0.650614	0.317803	0.459208	0.431275	0.447454	0.373917	0.0691626	0.485077	0.555761	0.287008	0.438611	0.326837	0.473073	0.465654	0.384945	0.433251	0.536197	0.199509	0.563837	0.265132	0.166981	0.461717	0.343479	0.538418	0.26643	0.430163	0.435372	0.577865	0.331245	0.124823	0.402149	0.180043	0.446968	0.462296	0.490507	0.146881	0.504655	0.497543	0.44359	
0.622989	0.424619	0.481936	1.06671	0.0577177	0.553311	0.811698	0.861471	0.9382	0.895696	0.521426	0.902554	0.806659	0.074831	0.901199	0.670845	0.855467	0.463725	0.720699	1.06315	0.466065	0.251368	0.288872	0.791642	0.409531	0.877123	0.473708	1.02862	0.511025	1.07034	0.61774	0.601683	0.385239	0.701023	1.04222	0.773537	0.0834856	0.659618	1.08507	0.226557	0.40535	0.294214	0.673099	0.434444	0.934177	0.971195	0.426226	0.784193	0.0100416	0.94256	
0.439306	0.704249	0.949211	0.242927	0.982265	0.487854	0.815044	0.262046	0.52384	0.519526	0.650821	0.509237	0.196554	0.927846	0.0900903	0.828823	0.436514	0.534542	0.842222	0.281391	0.573934	0.834103	0.839577	0.373569	0.961855	0.138105	0.910676	0.0816365	0.656118	0.220489	0.400205	0.543228	0.962398	0.659355	0.169899	0.290716	0.907252	0.821097	0.246133	0.774748	0.587564	0.913556	0.33325	0.936481	0.484797	0.462092	0.652451	0.432896	0.980689	0.360848	
0.11017	0.344835	0.559606	0.359817	0.740596	0.179053	0.431798	0.492806	0.261229	0.729104	0.267591	0.72467	0.229469	0.684885	0.348488	0.42732	0.148162	0.293921	0.443892	0.346035	0.480151	0.66731	0.500228	0.538447	0.584195	0.265687	0.521953	0.391072	0.275311	0.371127	0.378969	0.154608	0.589436	0.261524	0.360221	0.113806	0.653837	0.419237	0.379029	0.56164	0.354077	0.563282	0.172897	0.554184	0.238996	0.262168	0.312424	0.588269	0.717309	0.215439	
0.422239	0.18814	0.28848	0.870765	0.276873	0.35764	0.575402	0.763682	0.706266	0.868148	0.285352	0.871814	0.640714	0.234135	0.751162	0.438621	0.63189	0.305814	0.488708	0.861179	0.420587	0.347138	0.0582531	0.722908	0.233993	0.708114	0.267291	0.859205	0.274908	0.87824	0.518634	0.376416	0.215547	0.461424	0.857062	0.582626	0.197337	0.426765	0.889749	0.233784	0.26652	0.116012	0.502772	0.242455	0.705465	0.745022	0.204077	0.734003	0.230995	0.727507	
0.101994	0.344155	0.600095	0.424419	0.648325	0.126384	0.566942	0.36586	0.422914	0.578955	0.306916	0.575826	0.16848	0.592217	0.284372	0.528676	0.30677	0.183124	0.556705	0.427064	0.325103	0.540207	0.475226	0.38963	0.604072	0.235867	0.561466	0.387537	0.309714	0.425575	0.215235	0.218945	0.602579	0.385938	0.395617	0.136243	0.566314	0.518154	0.442086	0.45048	0.24346	0.549446	0.0315932	0.581683	0.397155	0.41292	0.289269	0.434496	0.636751	0.342232	
0.308522	0.230729	0.459628	0.740205	0.331426	0.239083	0.637117	0.559869	0.658036	0.660001	0.295366	0.663294	0.47576	0.27525	0.573054	0.528576	0.559193	0.134102	0.574925	0.739682	0.216647	0.259608	0.245412	0.513786	0.424103	0.5462	0.428264	0.697769	0.287576	0.742362	0.31265	0.325616	0.410661	0.477846	0.712504	0.447699	0.249531	0.515691	0.758204	0.144159	0.0744233	0.320693	0.342611	0.420695	0.645731	0.676285	0.183824	0.524546	0.32115	0.631681	
0.381621	0.309556	0.520262	0.798782	0.284027	0.314073	0.72001	0.566157	0.737557	0.63131	0.378912	0.636116	0.522427	0.230308	0.60857	0.608149	0.635779	0.198951	0.655296	0.80159	0.182808	0.177672	0.293787	0.504034	0.476077	0.59301	0.491834	0.742317	0.370893	0.798791	0.320844	0.408254	0.459661	0.561996	0.765521	0.509585	0.213821	0.59528	0.816201	0.077011	0.137761	0.362119	0.396582	0.478077	0.723665	0.752438	0.266701	0.505047	0.288244	0.702454	
0.424887	0.392089	0.391206	0.639228	0.836318	0.446745	0.0460836	0.877604	0.306773	1.10248	0.31237	1.09938	0.61439	0.790938	0.728946	0.151502	0.340708	0.547188	0.119087	0.604459	0.769197	0.858078	0.509402	0.913084	0.458143	0.640516	0.371203	0.736752	0.320438	0.661504	0.727595	0.320418	0.477878	0.141215	0.675358	0.496742	0.754037	0.157314	0.655798	0.733163	0.582551	0.523754	0.543842	0.42031	0.336443	0.381858	0.424797	0.957516	0.789551	0.446401	
0.559002	0.807988	0.99912	0.116534	1.18592	0.627472	0.740494	0.589885	0.394532	0.848922	0.724809	0.838513	0.408775	1.12969	0.389359	0.811729	0.383973	0.720951	0.805163	0.117926	0.835989	1.07621	0.964087	0.697704	1.03545	0.345959	0.963961	0.247906	0.733602	0.123081	0.67312	0.614195	1.04374	0.643344	0.170325	0.407115	1.10188	0.808695	0.100768	0.99045	0.782403	1.02591	0.518659	1.00231	0.36355	0.318412	0.775709	0.757926	1.16974	0.269992	
0.284646	0.511731	0.697891	0.215491	0.917269	0.354604	0.474468	0.537181	0.167978	0.797471	0.42493	0.790528	0.265409	0.861499	0.343922	0.521216	0.089995	0.465151	0.521805	0.188543	0.630815	0.837357	0.669529	0.6128	0.733686	0.253238	0.662427	0.311723	0.434063	0.234995	0.500261	0.316702	0.742214	0.348828	0.245513	0.179103	0.83058	0.516682	0.233673	0.735696	0.526512	0.727947	0.298573	0.700505	0.129605	0.120251	0.485758	0.669854	0.89395	0.0387249	
0.402847	0.159981	0.108681	0.808848	0.507647	0.366344	0.35314	0.843547	0.563338	1.00398	0.190823	1.00498	0.647991	0.469381	0.77052	0.208638	0.522757	0.392483	0.258099	0.788105	0.583077	0.576412	0.179534	0.833713	0.133278	0.703887	0.0700292	0.84278	0.185282	0.823005	0.622762	0.302023	0.145074	0.287394	0.815316	0.55504	0.43298	0.198017	0.827942	0.455078	0.389901	0.177619	0.522425	0.0996625	0.574353	0.619821	0.223118	0.859822	0.455417	0.633965	
0.436725	0.621342	0.885398	0.5673	0.729456	0.433358	0.903608	0.118261	0.722797	0.242386	0.618158	0.239096	0.305251	0.681976	0.283288	0.857061	0.607612	0.39073	0.888876	0.594432	0.288882	0.5449	0.703498	0.0538186	0.869124	0.3416	0.848497	0.431792	0.617815	0.552086	0.159766	0.550073	0.860565	0.722268	0.502534	0.401459	0.672593	0.84576	0.57718	0.527754	0.411603	0.781323	0.317875	0.856176	0.689516	0.689442	0.558301	0.101486	0.746012	0.594357	
0.476587	0.236282	0.288767	0.92494	0.250787	0.412176	0.605766	0.812462	0.754313	0.907685	0.332665	0.91187	0.694873	0.2164	0.804656	0.464643	0.682927	0.358159	0.514527	0.91499	0.458593	0.354077	0.0845306	0.767796	0.224274	0.762443	0.27425	0.913622	0.322283	0.932575	0.566193	0.427861	0.20244	0.502952	0.911572	0.637122	0.181587	0.453396	0.943944	0.252234	0.31597	0.100261	0.55692	0.240989	0.754827	0.795135	0.257379	0.776285	0.19832	0.780033	
0.531728	0.681472	0.940572	0.689088	0.710406	0.51611	0.998183	0.214913	0.838463	0.164692	0.693474	0.167717	0.426175	0.668878	0.403735	0.939025	0.722231	0.449584	0.97447	0.716779	0.287146	0.511388	0.740389	0.0993709	0.915221	0.46416	0.905358	0.549654	0.691586	0.673308	0.229959	0.639197	0.903772	0.816122	0.623361	0.516983	0.666116	0.927149	0.698564	0.523017	0.454613	0.816263	0.42266	0.906901	0.806273	0.808323	0.618759	0.049696	0.736314	0.71475	
