15	20
26.1804	98.6148
147.498	90.8571
27.4603	88.9158
40.9771	124.596
166.955	150.623
152.189	38.0677
96.6418	12.0018
64.9132	86.2276
97.2193	152.568
44.0635	104.469
109.713	66.1864
55.7929	145.815
40.0222	40.5231
139.755	57.9558
133.365	121.8
41.0657
49.4309
21.2803
52.9457
40.7421
27.4629
20.0808
41.2769
19.2454
62.914
75.684
38.9778
25.3704
4.7819
66.9834
1.77273
4.90017
66.2247
27.9206
0.55034
0.232905	0.575582	0.706336	0.837775	0.422058	0.838373	0.142145	0.301925	0.110093	0.794568	0.486975	0.500374	0.694295	0.0270039	0.747857	1.08576	1.00696	0.329621	0.509305	0.643777	
0.774297	0.233199	0.632484	0.0495802	0.503296	0.794135	0.890557	0.923152	0.698371	0.183121	0.73661	0.308575	0.312548	0.788583	0.666066	0.432348	0.374125	0.610341	0.320706	0.864794	
0.606984	0.536537	0.115956	0.641278	0.392307	0.207814	0.935272	0.694283	0.722731	0.752257	0.381244	0.539182	0.289205	0.795723	0.108727	0.468868	0.415122	0.843152	0.64334	0.387823	
0.479175	0.464181	0.068161	0.61845	0.270491	0.245213	0.807013	0.573024	0.59596	0.708347	0.266811	0.451497	0.25727	0.667384	0.112205	0.544019	0.478535	0.7302	0.556689	0.318864	
0.617423	0.63781	0.125477	0.757149	0.450815	0.0924553	0.968347	0.681075	0.764802	0.864545	0.367031	0.632046	0.401089	0.829212	0.0801449	0.567525	0.520828	0.913244	0.737236	0.320807	
0.855632	0.393586	0.566233	0.25238	0.565128	0.696726	1.04561	0.993487	0.836065	0.404774	0.74652	0.459973	0.288328	0.927371	0.586423	0.205118	0.153271	0.801116	0.510331	0.835054	
0.760834	0.212609	0.700583	0.108142	0.515385	0.87046	0.825957	0.912092	0.650685	0.0752126	0.764702	0.279754	0.388327	0.73748	0.738544	0.554053	0.495314	0.524244	0.251564	0.908857	
0.381316	0.550262	0.803925	0.793843	0.489428	0.952774	0.130622	0.467623	0.166692	0.722629	0.616839	0.480305	0.725877	0.143396	0.848546	1.10493	1.02667	0.200849	0.454288	0.784287	
0.357818	0.639639	0.242058	0.847711	0.347656	0.278195	0.729632	0.383145	0.55825	0.909841	0.108278	0.598579	0.503458	0.59851	0.254119	0.811284	0.747334	0.769783	0.693967	0.072521	
0.375555	0.727399	0.332727	0.942385	0.428378	0.331744	0.744134	0.36092	0.594299	0.99982	0.173146	0.681967	0.600748	0.621208	0.337886	0.905072	0.84251	0.823104	0.773579	0.0633272	
0.723869	0.251246	0.783576	0.286021	0.532514	0.960105	0.710177	0.872881	0.567406	0.156877	0.78829	0.279688	0.500045	0.644842	0.826349	0.727369	0.664518	0.386323	0.191408	0.950334	
0.830966	0.477794	0.446544	0.418843	0.547499	0.547523	1.07891	0.953749	0.860865	0.56612	0.67133	0.527247	0.266156	0.94921	0.455134	0.133908	0.0666862	0.879562	0.603765	0.725641	
0.262894	0.288278	0.441489	0.552022	0.116249	0.605857	0.451334	0.413925	0.232009	0.55317	0.331346	0.218695	0.364091	0.319048	0.487903	0.755423	0.67664	0.350122	0.285154	0.505976	
0.561247	0.333528	0.241954	0.441726	0.283411	0.402546	0.830476	0.683644	0.61113	0.545016	0.411394	0.347509	0.0815355	0.695698	0.273763	0.403834	0.329285	0.679105	0.447926	0.497731	
0.152686	0.547877	0.36453	0.793557	0.246432	0.465877	0.523355	0.221847	0.35653	0.822147	0.107937	0.489022	0.502139	0.392113	0.397471	0.870485	0.79717	0.585075	0.567582	0.264687	
