10	50
79.438	42.4911
13.2249	52.6359
70.7107	74.3461
40.0023	40.9941
69.0231	20.5126
38.2897	47.3783
64.7054	61.8007
84.0052	48.0881
80.2757	119.244
46.3714	14.1773
4.21725
9.23036
3.71445
3.79567
0.989537
2.37656
3.65155
1.05676
5.86733
2.68569
10.2015
10.7188
3.81633
4.9304
1.008
8.34439
4.88631
4.07449
5.70993
10.58
0.388136
8.41785
10.7733
0.64837
0.375282
6.58208
2.16575
3.71871
8.2914
6.23672
4.15797
10.8021
7.37086
5.91914
6.81066
1.93823
9.20328
5.7398
1.0102
0.822664
3.81
9.14262
3.9164
4.71626
7.28626
8.05563
4.9914
4.79038
9.61369
1.28379
0.829542	0.143309	0.519957	0.593626	0.80613	0.28132	0.756785	0.0542927	0.176935	0.607169	0.680847	0.878474	0.141216	0.213604	0.230518	0.8493	0.358188	0.519638	0.165951	0.25904	0.549715	0.395926	0.436411	0.694014	0.64325	0.445187	0.64087	0.903458	0.503924	0.162288	0.297591	0.173111	0.045777	0.897917	0.493486	0.281202	0.462841	0.292291	0.316348	0.229473	0.421723	0.496269	0.640316	0.715847	0.790286	0.258417	0.748778	0.806587	0.490983	0.136328	
0.862084	0.473364	0.569074	0.919985	1.07274	0.582677	0.918325	0.368925	0.464041	0.867314	0.742249	1.13428	0.229532	0.239309	0.569341	0.842669	0.192092	0.534148	0.352927	0.574867	0.382307	0.73466	0.775149	0.815025	0.590574	0.164237	0.802878	0.948375	0.298035	0.329111	0.0437426	0.503333	0.352878	0.907284	0.624398	0.547098	0.219393	0.154188	0.0797767	0.288019	0.340816	0.67215	0.560812	0.729999	1.00807	0.547946	0.932587	0.902707	0.188891	0.359212	
0.79891	0.148169	0.490767	0.570308	0.773484	0.293678	0.721649	0.0196834	0.142619	0.573637	0.649445	0.845201	0.171044	0.203367	0.218131	0.820904	0.354537	0.492912	0.200389	0.266928	0.5385	0.384802	0.42254	0.659946	0.619922	0.449359	0.605862	0.871881	0.497869	0.137357	0.3117	0.150035	0.0122026	0.868299	0.459978	0.246575	0.462132	0.292008	0.324147	0.211773	0.405913	0.461288	0.619246	0.686974	0.755348	0.274823	0.713479	0.77307	0.496706	0.169867	
0.534149	0.68429	0.479873	0.416628	0.184847	0.777582	0.211711	0.639437	0.516746	0.117726	0.437665	0.218118	0.823432	0.686334	0.590993	0.623958	0.790951	0.537585	0.847312	0.734048	0.809565	0.592785	0.562549	0.305367	0.650334	0.916947	0.21294	0.54049	0.848486	0.604999	0.88481	0.558474	0.650639	0.613131	0.349132	0.412396	0.881337	0.783476	0.856335	0.638362	0.690451	0.270002	0.695483	0.538933	0.102327	0.795291	0.1512	0.385405	0.965295	0.813502	
0.892922	0.286862	0.651678	0.214929	0.533052	0.30491	0.670574	0.36138	0.295366	0.390584	0.745562	0.615574	0.528273	0.54595	0.169369	0.951718	0.702281	0.685522	0.475169	0.267297	0.845514	0.0854134	0.0714398	0.68119	0.832709	0.813005	0.586659	0.939408	0.830274	0.444518	0.687275	0.227609	0.377351	0.974963	0.542673	0.284831	0.813768	0.651233	0.695442	0.52708	0.699267	0.481061	0.853305	0.823522	0.607591	0.335487	0.630617	0.79859	0.86259	0.444553	
0.621132	0.33203	0.37007	0.377693	0.486336	0.451158	0.454322	0.274	0.151096	0.282707	0.470389	0.554547	0.4606	0.360654	0.265464	0.67359	0.498955	0.406365	0.482778	0.40791	0.597895	0.351923	0.353358	0.427356	0.553582	0.623397	0.347922	0.675785	0.60165	0.262654	0.548473	0.204829	0.285719	0.701522	0.263965	0.0474508	0.606003	0.468803	0.532993	0.322094	0.453131	0.216246	0.577532	0.543341	0.463558	0.458937	0.434415	0.546937	0.674401	0.449208	
0.685536	0.735433	0.632568	0.35406	0.034132	0.803116	0.353842	0.72047	0.598879	0.171308	0.595092	0.110166	0.910211	0.801386	0.627749	0.777581	0.919833	0.68975	0.913402	0.761558	0.956526	0.586178	0.545586	0.460862	0.806813	1.04673	0.370694	0.683867	0.989573	0.710701	0.996244	0.617678	0.733709	0.762334	0.498028	0.499495	1.01609	0.904357	0.974237	0.756447	0.831036	0.413729	0.851149	0.696363	0.181619	0.827531	0.29002	0.530919	1.09634	0.879402	
0.759738	0.606199	0.638188	0.194976	0.181224	0.657946	0.449519	0.615239	0.499936	0.155292	0.644475	0.263963	0.805184	0.730022	0.492285	0.84394	0.864857	0.691415	0.791067	0.617958	0.9361	0.431543	0.388635	0.526439	0.824741	0.990622	0.424608	0.77463	0.955024	0.631151	0.915603	0.498116	0.629894	0.841149	0.49976	0.412273	0.968903	0.837944	0.902239	0.690553	0.799096	0.411572	0.863146	0.743281	0.311778	0.68533	0.390019	0.619397	1.04145	0.757537	
0.608575	0.630817	0.369307	0.954984	0.99845	0.771504	0.75162	0.486462	0.51558	0.803779	0.518831	1.0427	0.457087	0.27989	0.685392	0.569985	0.137979	0.316361	0.587151	0.748826	0.0812959	0.845935	0.872727	0.62674	0.315243	0.158223	0.650204	0.696382	0.0239073	0.370269	0.298088	0.597133	0.474373	0.638834	0.478398	0.549601	0.0938241	0.209293	0.238098	0.285436	0.134695	0.554744	0.275359	0.477056	0.884676	0.746199	0.783936	0.686658	0.18255	0.578658	
0.83458	0.493282	0.661192	0.0666289	0.325336	0.526189	0.551804	0.529468	0.427299	0.242089	0.703644	0.407953	0.71416	0.675947	0.375138	0.910352	0.822824	0.708388	0.682073	0.488358	0.924856	0.291332	0.246125	0.603796	0.851004	0.94454	0.500635	0.862059	0.930188	0.57265	0.847096	0.400744	0.545141	0.917676	0.528413	0.361103	0.931813	0.785438	0.842597	0.643554	0.78111	0.445559	0.883082	0.796689	0.440543	0.556487	0.498447	0.709419	0.995547	0.649614	
