10	30
170.856	29.836
139.642	134.712
107.377	101.981
125.192	81.4543
176.068	130.959
101.458	89.4898
94.8929	133.958
26.8064	40.8299
105.355	99.1146
31.4343	106.832
19.3657
1.54128
6.06828
11.2129
15.7657
2.5854
7.35562
3.05834
17.82
10.5022
11.3368
18.4552
12.7067
2.27725
16.2879
14.6188
10.5779
13.264
18.7163
16.4953
10.5181
17.7469
0.49022
0.976026
11.0139
15.1887
1.95595
5.33395
5.6826
17.4708
0.403545	0.62824	0.352828	0.186255	0.753095	0.440986	0.15938	0.298454	0.470929	0.838619	0.748342	0.631863	0.775711	0.42049	0.621362	0.217633	0.48138	0.682424	0.859352	0.463786	0.631255	0.645078	0.326224	0.173835	0.971875	0.299188	0.403279	0.824397	0.189295	0.579022	
0.385865	0.583081	0.254803	0.144217	0.585111	0.229234	0.245574	0.292361	0.45958	0.639987	0.525229	0.694267	0.552132	0.452259	0.649434	0.282938	0.321903	0.470006	0.654624	0.481153	0.599163	0.500417	0.123863	0.353861	0.816442	0.175445	0.192672	0.604266	0.412097	0.366295	
0.547668	0.766677	0.455273	0.0896138	0.814367	0.454221	0.0331384	0.11955	0.619922	0.865541	0.671805	0.805366	0.753815	0.582913	0.786588	0.0549135	0.548304	0.689407	0.877249	0.622848	0.775437	0.725401	0.35338	0.16484	1.04488	0.174747	0.327264	0.812372	0.333117	0.587302	
0.52099	0.740328	0.430357	0.0780107	0.793983	0.437593	0.0360702	0.143829	0.593163	0.849083	0.669828	0.779043	0.743457	0.556093	0.759794	0.0797179	0.526562	0.674897	0.861919	0.595991	0.74887	0.703	0.334084	0.164448	1.02369	0.177507	0.322572	0.800803	0.316509	0.572173	
0.242979	0.19705	0.234073	0.611239	0.231214	0.33623	0.691734	0.76386	0.240008	0.393646	0.673085	0.480527	0.509962	0.325597	0.382971	0.741054	0.173822	0.369169	0.435896	0.29947	0.232305	0.102247	0.364329	0.757832	0.401416	0.636404	0.551235	0.507083	0.681868	0.337038	
0.189574	0.405023	0.241255	0.3939	0.635068	0.443499	0.406456	0.535779	0.240903	0.763466	0.82315	0.384883	0.774417	0.174249	0.371695	0.465195	0.392732	0.650444	0.795493	0.220083	0.400388	0.508731	0.35003	0.407569	0.823659	0.487598	0.523769	0.805296	0.268202	0.559491	
0.309892	0.322599	0.466885	0.736791	0.710011	0.694412	0.746847	0.879236	0.260589	0.877783	1.08458	0.05117	0.97237	0.216477	0.129878	0.805386	0.572985	0.832422	0.920241	0.207307	0.289649	0.585775	0.636244	0.726611	0.8163	0.825409	0.835388	0.981429	0.533889	0.768964	
0.591652	0.437559	0.58271	0.934216	0.220858	0.593342	1.02721	1.07738	0.567367	0.316741	0.781366	0.734062	0.548646	0.657962	0.631022	1.07128	0.468531	0.45656	0.356872	0.62079	0.46836	0.29227	0.668748	1.10594	0.060779	0.933399	0.809652	0.50148	1.03863	0.507698	
0.596791	0.449703	0.581626	0.928032	0.208381	0.583443	1.02251	1.06976	0.575207	0.295411	0.762336	0.748512	0.528494	0.665733	0.645165	1.06572	0.463115	0.43945	0.334909	0.629563	0.481342	0.289053	0.661804	1.10353	0.0455308	0.924521	0.798237	0.480285	1.04074	0.493858	
0.414335	0.63305	0.415461	0.320632	0.825575	0.551113	0.267702	0.412543	0.468959	0.930336	0.879853	0.57078	0.891117	0.397898	0.582195	0.319124	0.560685	0.787433	0.955553	0.444865	0.628079	0.707132	0.437502	0.207174	1.03116	0.434314	0.537808	0.935185	0.0586234	0.686134	
