15	50
59.9337	33.5707
19.5978	84.9007
58.9477	141.16
38.1117	49.9455
54.8019	157.705
77.0149	52.182
72.9193	36.3974
13.6881	157.71
79.5146	137.461
43.222	152.452
33.4704	112.568
67.0448	141.213
2.44237	64.2245
2.15663	135.021
6.96646	150.445
7.49155
2.143
12.1019
28.419
7.42738
10.9733
11.4643
20.2997
13.7355
24.9999
24.7049
29.8076
10.9672
27.6316
22.2138
15.5325
18.376
22.6928
30.7568
19.0832
31.0317
27.5284
3.05705
11.7356
30.6523
8.94458
0.493469
26.2195
0.277327
19.8027
6.86198
20.3489
16.4444
0.437591
13.7727
22.1211
14.5858
0.401474
26.3998
26.4443
14.5224
28.6218
5.70123
5.19273
9.7242
29.1262
3.83294
19.8989
17.4996
0.974422
1.05348	0.0961188	0.347304	0.869412	0.797	0.533013	0.569873	0.460946	0.445716	0.884756	0.439994	0.561321	0.163799	1.00789	0.537082	0.895217	0.928574	0.859377	0.240737	0.434939	0.469902	0.896533	0.348061	0.312329	0.605181	0.618709	1.10455	0.75941	0.719754	1.01142	0.281051	0.21252	0.616759	0.664069	0.404043	0.232187	0.65071	0.860352	0.457192	0.903518	0.778731	0.544295	0.367529	0.0739444	0.543997	0.879853	0.81029	0.645967	0.416539	0.160805	
0.553835	0.501555	0.433616	0.344779	0.293602	0.552736	0.0689641	0.197028	0.188916	0.372919	0.215804	0.433437	0.577484	0.51528	0.329667	0.392094	0.466739	0.329289	0.456112	0.186009	0.544731	0.425466	0.273226	0.248937	0.61007	0.127309	0.596905	0.21491	0.205759	0.490222	0.264901	0.341225	0.0788806	0.48512	0.567935	0.48852	0.499497	0.519087	0.365228	0.387953	0.24425	0.424127	0.75452	0.558906	0.30636	0.411365	0.520585	0.113138	0.24501	0.410804	
1.21182	0.244654	0.249365	0.907136	0.949582	0.831439	0.709969	0.664233	0.644642	1.03164	0.650872	0.435558	0.149481	1.17147	0.473507	1.04946	1.11098	0.905514	0.537649	0.484492	0.26459	1.07271	0.57704	0.420122	0.905718	0.770001	1.25599	0.862741	0.767439	1.14898	0.436052	0.431828	0.738062	0.931951	0.712952	0.173097	0.500127	0.762667	0.37812	0.926708	0.901982	0.814607	0.0958948	0.23862	0.494233	0.863241	0.692779	0.725338	0.433592	0.425286	
0.948913	0.856563	0.61371	0.472228	0.786835	1.1738	0.689143	0.820547	0.80755	0.810527	0.834264	0.394528	0.859366	0.937821	0.413252	0.840055	0.954691	0.493746	0.999023	0.567364	0.556577	0.914288	0.857637	0.68531	1.2363	0.724239	0.958816	0.628895	0.478778	0.850862	0.743585	0.833749	0.64966	1.11417	1.15686	0.740951	0.319914	0.112293	0.490442	0.439797	0.691554	1.05379	0.8932	0.909004	0.412332	0.318965	0.136849	0.553734	0.553269	0.898602	
0.925731	0.230806	0.0695089	0.619452	0.665312	0.682135	0.428607	0.420076	0.399661	0.744621	0.414036	0.242453	0.253665	0.887207	0.220293	0.764088	0.834081	0.616127	0.425376	0.191855	0.214042	0.794057	0.367906	0.161029	0.756366	0.490127	0.967918	0.570358	0.476412	0.858996	0.206066	0.261252	0.450277	0.725108	0.607342	0.137166	0.333989	0.542366	0.13596	0.642898	0.611752	0.618988	0.389028	0.285453	0.231937	0.593091	0.489423	0.432244	0.140762	0.305226	
0.935474	0.69094	0.445457	0.469683	0.736141	1.0482	0.593257	0.703749	0.688388	0.777078	0.714024	0.225771	0.690557	0.916108	0.257881	0.805736	0.914489	0.485616	0.851156	0.428091	0.38956	0.872118	0.724127	0.536568	1.11461	0.638483	0.955038	0.58066	0.422565	0.841284	0.596167	0.683179	0.564498	1.01187	1.01689	0.572635	0.152115	0.129804	0.325811	0.453341	0.644174	0.938931	0.727025	0.742179	0.263047	0.336903	0.0491849	0.475124	0.403784	0.744785	
1.10379	0.0913764	0.33292	0.897725	0.845111	0.596411	0.613556	0.514322	0.498127	0.932481	0.494383	0.55192	0.114388	1.05883	0.53965	0.944186	0.982015	0.889171	0.304448	0.457337	0.441488	0.948914	0.404199	0.341578	0.668309	0.66503	1.15398	0.798716	0.74827	1.05828	0.319538	0.262684	0.657662	0.72696	0.465596	0.208672	0.638277	0.861933	0.453632	0.929406	0.821736	0.607168	0.306243	0.0344525	0.54959	0.897865	0.807197	0.679455	0.431251	0.219306	
0.330103	0.786318	0.688403	0.177	0.164623	0.726846	0.266428	0.419811	0.423805	0.17296	0.444518	0.615768	0.859085	0.30839	0.517435	0.20245	0.317298	0.1524	0.71554	0.444238	0.771241	0.277726	0.5282	0.532145	0.763568	0.236285	0.356925	0.0705412	0.193748	0.241416	0.549946	0.622414	0.214045	0.582631	0.788424	0.762919	0.648689	0.535371	0.588423	0.224037	0.0820621	0.578859	1.0246	0.843983	0.49027	0.326075	0.577571	0.203672	0.496562	0.689536	
0.448877	0.585216	0.574052	0.413361	0.193995	0.451223	0.0969307	0.151146	0.161958	0.281855	0.175612	0.597841	0.674724	0.404033	0.494635	0.290482	0.333413	0.391384	0.44947	0.338262	0.697503	0.296856	0.268058	0.358557	0.495359	0.0569063	0.499595	0.22274	0.312866	0.40955	0.347805	0.392855	0.129448	0.339118	0.507618	0.605235	0.665072	0.666594	0.523366	0.462892	0.20492	0.306442	0.870935	0.636464	0.471734	0.521703	0.676937	0.226083	0.396746	0.44947	
1.00117	0.038674	0.265831	0.790996	0.741097	0.549191	0.50743	0.416981	0.399628	0.828082	0.398737	0.476245	0.139572	0.956834	0.449915	0.840663	0.882877	0.782048	0.256475	0.352385	0.39672	0.848577	0.312965	0.23406	0.623702	0.560178	1.05059	0.691111	0.641408	0.953221	0.212481	0.165854	0.55049	0.655314	0.436457	0.16164	0.566472	0.773174	0.370832	0.82349	0.71507	0.5365	0.355777	0.0839469	0.456866	0.795769	0.723468	0.571656	0.330781	0.143411	
0.887549	0.147469	0.226486	0.669244	0.625831	0.522327	0.389015	0.317469	0.298324	0.711936	0.303159	0.404308	0.232622	0.844277	0.356879	0.725945	0.775007	0.659846	0.256165	0.234552	0.373829	0.738969	0.231234	0.111782	0.597352	0.444087	0.935666	0.569244	0.519574	0.835765	0.0946207	0.0970214	0.429715	0.591224	0.438911	0.182369	0.496918	0.67602	0.293107	0.702712	0.595105	0.477419	0.435544	0.204571	0.358704	0.680069	0.633849	0.448851	0.222374	0.136513	
0.954089	0.0941055	0.190255	0.715071	0.691815	0.577655	0.453383	0.387793	0.368599	0.777217	0.373456	0.392854	0.165197	0.911359	0.363465	0.792086	0.843757	0.707452	0.297351	0.273216	0.331108	0.807256	0.299628	0.165264	0.652876	0.510016	1.00146	0.627789	0.566096	0.899892	0.162819	0.157858	0.491028	0.657732	0.481984	0.116846	0.48404	0.686706	0.285722	0.745559	0.65705	0.542383	0.365203	0.153851	0.370449	0.713008	0.637477	0.501866	0.246625	0.173931	
0.957624	0.313922	0.531836	0.88852	0.723846	0.309527	0.538546	0.384715	0.378916	0.809721	0.359819	0.719552	0.400662	0.909579	0.665446	0.812562	0.816913	0.872746	0.0877916	0.512494	0.67271	0.792911	0.27497	0.389785	0.376976	0.5681	1.01251	0.73506	0.746118	0.936598	0.332585	0.241224	0.595129	0.475653	0.168057	0.442881	0.812179	0.975046	0.608177	0.93107	0.734619	0.36189	0.604877	0.311975	0.66316	0.938669	0.940646	0.656562	0.521772	0.179376	
0.698967	0.55124	0.367061	0.296252	0.472035	0.784961	0.312063	0.43205	0.418722	0.526472	0.445389	0.245355	0.590919	0.671839	0.153898	0.553217	0.653936	0.299164	0.627109	0.198454	0.413745	0.610979	0.472276	0.325979	0.847524	0.357957	0.728348	0.326305	0.178895	0.61289	0.378041	0.471016	0.284705	0.732956	0.773999	0.47493	0.280587	0.278977	0.241634	0.311069	0.386638	0.666211	0.709074	0.610281	0.12801	0.256081	0.272757	0.200826	0.211436	0.541196	
0.848293	0.697438	0.463893	0.380187	0.655887	1.00448	0.529725	0.653163	0.639394	0.692869	0.66586	0.253779	0.709898	0.830131	0.248274	0.721806	0.8322	0.396534	0.827829	0.39575	0.435427	0.790173	0.68645	0.514736	1.06812	0.570293	0.866741	0.498878	0.341454	0.753427	0.5726	0.663316	0.495558	0.953214	0.985256	0.589893	0.206804	0.0757181	0.33367	0.363571	0.562571	0.887592	0.7708	0.752096	0.243929	0.247983	0.0562926	0.402547	0.383442	0.729101	
