15	20
179.198	125.057
14.8798	58.9452
157.487	145.159
116.707	52.7426
128.368	122.882
139.853	97.4482
3.8432	63.3826
42.7562	62.6355
170.574	61.9334
46.8961	146.868
136.349	72.1681
17.5889	62.4601
16.5842	126.932
169.339	17.7368
89.1479	97.1692
29.1611
24.8781
22.444
29.5721
2.52702
6.25066
18.4969
39.8182
16.2827
19.2737
44.2524
0.905455
40.7763
2.95002
2.17164
30.9694
12.5232
32.8855
27.048
34.6536
0.609439	0.734123	0.0746909	0.715504	0.540861	0.581664	0.732737	0.209212	0.753725	0.540701	0.194523	0.307607	0.15907	0.637694	0.554607	0.248098	0.730204	0.82725	0.428842	0.432151	
0.270208	0.51785	0.428915	0.50326	0.385767	0.19076	0.352241	0.218841	0.404071	0.215524	0.544768	0.105048	0.237422	0.304446	0.352939	0.30347	0.346564	0.437037	0.0353845	0.517407	
0.807747	0.109891	0.883186	0.121617	1.00503	0.565011	0.760689	0.628457	0.39408	0.425343	0.815469	0.700198	0.699571	0.382093	0.964216	0.564237	0.74437	0.592931	0.624297	1.1207	
0.575168	1.0232	0.329024	1.00622	0.346213	0.698687	0.734847	0.500978	0.934101	0.74574	0.56008	0.433738	0.430919	0.837175	0.398089	0.596086	0.74129	0.922679	0.551388	0.0681087	
0.151373	0.56516	0.6631	0.557267	0.412687	0.116844	0.11252	0.46489	0.321329	0.273285	0.791974	0.330893	0.4831	0.291788	0.355413	0.537994	0.102878	0.238857	0.211868	0.649157	
0.806557	0.879052	0.193352	0.860294	0.708275	0.779939	0.933219	0.396194	0.938509	0.726425	0.139008	0.508258	0.357319	0.821202	0.731487	0.395651	0.930894	1.02436	0.629096	0.532687	
0.105679	0.594527	0.620102	0.585243	0.358478	0.139122	0.135353	0.436868	0.367313	0.289771	0.760286	0.290514	0.448052	0.324304	0.302088	0.518453	0.132123	0.294732	0.184018	0.59351	
0.286108	0.42902	0.683172	0.422309	0.531502	0.0680349	0.226838	0.446015	0.187178	0.165299	0.771877	0.359555	0.483682	0.155597	0.478056	0.492417	0.21133	0.185051	0.226333	0.738891	
0.166475	0.851582	0.612287	0.840384	0.136672	0.403134	0.304459	0.542562	0.637349	0.536803	0.813836	0.367516	0.516269	0.58881	0.0832874	0.650204	0.317213	0.538367	0.356646	0.423418	
0.238373	0.502477	0.713881	0.496642	0.499915	0.104006	0.15183	0.492947	0.239385	0.239971	0.821495	0.382592	0.52226	0.230667	0.442963	0.550756	0.135732	0.159795	0.252093	0.729823	
0.747648	0.62344	0.309686	0.605018	0.747212	0.639441	0.836539	0.270502	0.738626	0.540167	0.141951	0.442282	0.288053	0.623432	0.748102	0.192951	0.82944	0.864878	0.520032	0.673831	
0.907535	0.807332	0.357635	0.789309	0.862288	0.824312	1.01094	0.44008	0.932994	0.732933	0.127049	0.597475	0.43487	0.817565	0.874548	0.382853	1.00528	1.0553	0.693817	0.726592	
0.549687	1.12123	0.522551	1.10586	0.28059	0.733999	0.705556	0.641236	0.979575	0.818764	0.757592	0.525299	0.577657	0.899408	0.34102	0.747911	0.716113	0.925059	0.6127	0.149125	
0.564338	0.749894	0.0618707	0.731533	0.481613	0.557692	0.694467	0.211229	0.744943	0.533149	0.254885	0.272381	0.146921	0.63099	0.497586	0.275525	0.693077	0.804129	0.400621	0.373956	
0.484396	0.305905	0.50789	0.288553	0.625653	0.285142	0.508805	0.24031	0.336742	0.146816	0.514442	0.300912	0.30811	0.221614	0.59392	0.22116	0.496804	0.474692	0.253806	0.718474	
