10	20
19.0956	19.5662
7.02107	101.589
174.117	21.0025
178.218	59.4054
111.333	15.9495
171.001	17.0801
52.2046	18.0497
75.2867	13.9557
17.3932	120.406
15.4533	76.1781
2.6912
19.3202
6.75778
0.489435
7.61994
2.48123
15.5046
22.6997
0.697439
22.4247
20.9808
0.755756
24.336
17.1759
13.0509
7.04075
11.9076
11.4332
13.1141
11.1097
0.391861	0.38568	0.20114	0.247759	0.667798	0.318172	0.288891	0.308161	0.637121	0.417129	0.177369	0.41046	0.797139	0.640202	0.206883	0.133106	0.5081	0.249882	0.501618	0.354809	
0.225493	0.227931	0.146428	0.400477	0.829985	0.178742	0.346472	0.218017	0.660479	0.205153	0.340285	0.617147	0.702501	0.436349	0.413523	0.109713	0.672156	0.383568	0.677572	0.197107	
0.709819	0.542285	0.533481	0.0945425	0.79087	0.642902	0.226713	0.64157	0.932747	0.660329	0.432986	0.230994	1.13124	0.831444	0.339696	0.385323	0.177556	0.117618	0.619319	0.675176	
0.585792	0.7942	0.437741	0.614753	0.277311	0.518862	0.718673	0.452408	0.334973	0.751165	0.266394	0.558269	0.691366	0.988569	0.322017	0.55402	0.782439	0.637923	0.192697	0.555832	
0.298389	0.0819719	0.295253	0.448822	0.978006	0.288009	0.339345	0.345945	0.800207	0.128466	0.483848	0.703085	0.790181	0.310466	0.540129	0.201127	0.707513	0.421051	0.82162	0.286368	
0.307986	0.138716	0.247593	0.370856	0.905163	0.27554	0.278464	0.320803	0.763537	0.19762	0.408848	0.619522	0.796237	0.395273	0.45764	0.117893	0.63505	0.345609	0.745314	0.286203	
0.603603	0.873928	0.501277	0.756972	0.33039	0.550866	0.845783	0.480753	0.196135	0.800764	0.392956	0.716976	0.588387	1.0318	0.471873	0.652709	0.938474	0.776761	0.322825	0.581017	
0.367937	0.493844	0.171941	0.380374	0.552277	0.289088	0.44147	0.246508	0.4878	0.474176	0.0709096	0.464	0.688707	0.710934	0.189898	0.251182	0.616967	0.390732	0.400558	0.330648	
0.463363	0.125853	0.40693	0.35916	1.02002	0.43835	0.210366	0.484815	0.923509	0.294672	0.528013	0.635909	0.955109	0.40449	0.543809	0.236704	0.586208	0.323595	0.852031	0.445619	
0.159222	0.327287	0.0602975	0.461551	0.765882	0.0884533	0.436805	0.110995	0.555283	0.25444	0.300101	0.641105	0.604408	0.492123	0.400717	0.186008	0.731517	0.451956	0.625371	0.12237	
