10	30
84.5732	22.7695
82.8759	14.0104
176.793	21.2898
111.645	41.7219
136.491	135.155
106.021	42.0557
57.4483	57.0825
171.848	142.41
61.123	42.5141
156.576	51.6287
11.9821
14.5785
13.1383
4.91406
16.4902
8.67765
16.0289
3.96831
1.46704
11.7287
4.62418
17.6939
17.2632
12.1893
12.3379
6.21108
3.52776
14.7719
0.659719
8.70976
0.624032
2.6858
13.7728
11.4445
16.3831
4.5792
0.520202
10.2973
14.2027
9.8469
0.43818	0.225785	0.806575	0.506105	0.398028	0.836462	0.221203	0.134631	0.503695	0.525813	0.609988	0.178386	0.89164	0.796257	0.285227	0.723859	0.670762	0.288749	0.382614	0.647801	0.851211	0.957427	0.412002	0.544651	0.809751	0.274028	0.499181	0.349901	0.694519	0.379898	
0.23217	0.3635	0.47457	0.211894	0.151542	0.561869	0.381132	0.453689	0.226754	0.23653	0.439469	0.355135	0.634304	0.573137	0.379285	0.501122	0.392034	0.492963	0.285169	0.361564	0.541717	0.671727	0.36265	0.417095	0.509977	0.216551	0.402681	0.0457895	0.454216	0.0957857	
0.779575	0.844077	0.355628	0.647861	0.551727	0.76233	0.866798	1.03626	0.446534	0.656496	0.909302	1.01078	0.155929	0.277894	0.808391	0.306038	0.69511	0.953486	0.617887	0.30207	0.137031	0.0389142	0.967132	0.526487	0.653849	0.693356	0.578866	0.669631	0.8039	0.681498	
0.881892	0.327843	1.0303	0.882796	0.595492	1.23103	0.319987	0.451144	0.65957	0.907728	1.08424	0.705167	0.85392	0.721912	0.294467	0.677075	1.06254	0.240098	0.432959	0.749261	0.950363	0.968566	0.921255	0.457593	1.16784	0.45639	0.409615	0.714972	1.12448	0.764153	
0.227096	0.685614	0.292524	0.118375	0.401102	0.246841	0.703431	0.756269	0.384993	0.0998741	0.291658	0.572605	0.674381	0.676862	0.697867	0.621819	0.0917367	0.815263	0.56853	0.425973	0.482041	0.649714	0.406682	0.649212	0.188315	0.530717	0.657515	0.286516	0.196056	0.246609	
0.112269	0.519741	0.407495	0.0596719	0.282168	0.405208	0.535979	0.578311	0.312192	0.0808778	0.297722	0.405836	0.68511	0.65265	0.539116	0.586314	0.234882	0.646831	0.437998	0.410005	0.539572	0.693421	0.297172	0.551563	0.364665	0.377204	0.546426	0.117687	0.293865	0.0709943	
0.664244	0.322318	0.660192	0.610117	0.294947	0.931201	0.340818	0.544381	0.309473	0.634397	0.869973	0.662574	0.469583	0.342269	0.266618	0.287547	0.775365	0.393791	0.155611	0.364293	0.55721	0.577855	0.77925	0.0629446	0.849027	0.265272	0.0303131	0.477224	0.861172	0.524822	
0.781033	0.29503	0.847231	0.753092	0.442887	1.09071	0.302477	0.497119	0.484892	0.778146	0.988982	0.690684	0.644346	0.512353	0.235846	0.468266	0.927724	0.296369	0.275656	0.55511	0.748611	0.759583	0.861131	0.253876	1.01632	0.343594	0.212122	0.598673	1.00337	0.648775	
0.620489	0.152473	0.919198	0.665967	0.470882	1.00981	0.130607	0.105516	0.570862	0.68835	0.80357	0.370083	0.908051	0.793711	0.201287	0.727231	0.840547	0.110351	0.379121	0.704687	0.918195	0.995072	0.610773	0.513161	0.970804	0.308815	0.458752	0.496446	0.876898	0.536907	
0.3892	0.554125	0.880687	0.518934	0.605033	0.747346	0.551448	0.41459	0.695268	0.525226	0.44748	0.156169	1.10376	1.03485	0.611216	0.961513	0.616078	0.614156	0.663189	0.831195	0.999493	1.13925	0.225675	0.82632	0.765139	0.550243	0.790508	0.451998	0.585163	0.443302	
