10	40
166.944	71.5775
179.124	103.262
41.6263	19.7255
91.4403	10.4597
120.014	23.0648
66.4525	90.9671
91.1858	29.6235
78.187	87.0053
43.774	138.461
171.311	83.8449
3.97288
1.92433
4.51562
0.76678
9.05993
2.33968
7.98694
3.62769
11.177
10.0667
15.1291
8.06373
1.84936
6.86041
0.812672
12.9303
3.79695
10.1965
8.97836
13.3612
11.5376
4.54463
8.94625
13.6483
5.5806
11.2437
4.49634
7.25897
8.79138
8.1816
13.0645
15.2281
15.1076
9.81089
4.81963
5.67079
13.9373
14.4171
8.17835
7.11578
0.452954	0.823782	0.782083	0.41108	0.684614	0.711837	0.848583	0.23391	0.993447	0.364939	0.748227	0.501411	0.654048	0.501192	0.362713	1.09146	0.697589	0.842699	0.372195	0.669489	0.495927	0.963059	0.609666	0.243049	0.0309774	0.678873	1.07397	0.77666	0.457082	0.939218	0.555691	0.349064	0.868288	0.796379	0.493415	0.331982	0.415041	0.804824	0.967813	0.554241	
0.480046	0.505287	0.624851	0.549804	0.424093	0.408796	0.492344	0.278193	0.666084	0.190362	0.409654	0.197835	0.482411	0.315391	0.395243	0.817686	0.376152	0.513327	0.193238	0.318576	0.295577	0.611704	0.317104	0.11874	0.337463	0.53868	0.810658	0.460026	0.328452	0.598362	0.198736	0.28127	0.511436	0.635653	0.292683	0.152727	0.207275	0.457818	0.62381	0.35966	
0.664134	0.598902	0.797609	0.720827	0.570434	0.527153	0.499004	0.444495	0.556005	0.0874235	0.483125	0.0779059	0.656926	0.131992	0.575779	0.934541	0.47913	0.408517	0.0817715	0.279953	0.474334	0.553749	0.168842	0.222501	0.433069	0.717431	0.934658	0.337917	0.514863	0.512495	0.234741	0.466518	0.507816	0.807271	0.107611	0.109119	0.0490481	0.507582	0.544314	0.535288	
0.906614	0.544104	0.9003	0.999846	0.63219	0.541321	0.315394	0.735091	0.212521	0.429692	0.42872	0.279588	0.781505	0.352555	0.835387	0.872915	0.480387	0.0655942	0.423165	0.184911	0.642344	0.245316	0.18045	0.546147	0.769824	0.851972	0.889068	0.0226435	0.71546	0.176915	0.308977	0.713576	0.30193	0.904873	0.340842	0.452419	0.381758	0.39982	0.212069	0.681664	
0.371699	0.316207	0.376787	0.499932	0.174573	0.199604	0.433216	0.317523	0.7361	0.445153	0.274529	0.393696	0.237976	0.553036	0.330612	0.581026	0.202644	0.596767	0.447232	0.379534	0.0822893	0.617483	0.490228	0.341576	0.487845	0.303035	0.568294	0.574508	0.166891	0.643623	0.258487	0.222339	0.462111	0.386161	0.528219	0.409356	0.453652	0.345106	0.656929	0.121826	
0.464971	0.380089	0.0825246	0.612952	0.253509	0.341599	0.633669	0.603876	1.00527	0.837802	0.464646	0.776068	0.183093	0.942906	0.510036	0.339843	0.402198	0.895229	0.840008	0.702916	0.362203	0.839994	0.857189	0.719384	0.805976	0.171433	0.302943	0.899132	0.380167	0.901585	0.617093	0.487871	0.663597	0.0703449	0.917758	0.800929	0.846099	0.519316	0.900877	0.296319	
0.591001	0.733954	0.825856	0.60393	0.65014	0.639333	0.687303	0.344288	0.766722	0.126615	0.632531	0.285418	0.684233	0.253026	0.494452	1.04786	0.605342	0.620658	0.133332	0.479577	0.498209	0.763417	0.377711	0.141387	0.2496	0.730818	1.03997	0.548541	0.502712	0.724883	0.396604	0.417136	0.700705	0.838132	0.246351	0.111198	0.175851	0.67311	0.756483	0.56428	
0.264316	0.402587	0.340376	0.395267	0.224372	0.28557	0.540197	0.247825	0.839249	0.480804	0.377546	0.46292	0.198925	0.606156	0.228487	0.623986	0.301795	0.697067	0.484345	0.478785	0.0318064	0.724543	0.569677	0.344128	0.440102	0.247913	0.604458	0.669483	0.0595528	0.748564	0.350953	0.135639	0.569273	0.352628	0.582586	0.439356	0.49954	0.449134	0.762835	0.0843238	
0.188318	0.790725	0.57796	0.0791231	0.601787	0.67429	0.913162	0.223151	1.16057	0.615511	0.762263	0.696266	0.490423	0.764727	0.162132	0.966967	0.68926	1.00897	0.622263	0.79971	0.420688	1.07856	0.815985	0.443888	0.311531	0.480599	0.93837	0.960387	0.33824	1.08351	0.665663	0.267962	0.940157	0.592926	0.749292	0.571217	0.65882	0.832359	1.10443	0.446184	
0.72113	0.872578	0.974354	0.713522	0.79816	0.782711	0.8005	0.473929	0.820446	0.221432	0.765795	0.380177	0.833077	0.272353	0.624385	1.19279	0.745324	0.685565	0.224755	0.582316	0.647494	0.848188	0.441067	0.290308	0.329645	0.878345	1.18621	0.607609	0.649076	0.795926	0.521577	0.558779	0.810058	0.986785	0.279927	0.234278	0.254194	0.800029	0.830002	0.713546	
