15	40
0.0027824	137.563
62.9607	54.4139
18.168	158.614
79.6799	106.091
69.1381	114.93
64.878	158.166
64.8173	126.115
57.9687	18.8628
12.8884	111.8
72.7961	137.141
59.6982	126
80.755	121.699
34.5442	108.201
81.1757	97.3031
50.7572	121.422
23.1601
9.32603
25.3593
29.4303
30.6303
15.168
28.9707
4.33626
38.795
3.77054
12.108
0.949261
17.1938
32.2278
34.1453
4.69687
18.1297
11.1523
29.5511
13.8371
5.53705
34.0806
12.1755
38.4217
32.0483
6.45123
32.9274
39.3785
20.7569
1.60211
35.2049
4.30685
19.1645
2.21798
39.2115
36.1086
35.6359
39.7907
18.6883
12.5145
0.840644	0.570455	0.240359	0.878455	0.637454	0.394722	0.447134	0.366908	0.86111	0.32616	0.245494	0.107475	0.591397	0.49048	0.447643	0.675548	0.477673	0.482446	0.595357	0.385358	0.301215	0.417118	0.983315	0.211047	0.244258	0.880593	0.0637639	0.739865	0.632701	0.624144	0.650396	0.664997	0.437958	0.751719	0.639666	0.592428	0.315678	0.532749	0.334566	0.307376	
0.906251	0.890835	0.570627	0.981594	0.402928	0.207218	0.599497	0.496166	0.547535	0.245233	0.406649	0.282135	0.755302	0.683717	0.0881397	0.408043	0.173197	0.672739	0.862507	0.642739	0.070211	0.0920153	1.00752	0.270045	0.123975	0.819173	0.370634	0.433482	0.643539	0.386839	0.811383	0.980837	0.548626	0.706462	0.833026	0.405216	0.0699665	0.290855	0.530789	0.26334	
0.402246	0.911035	0.76825	0.513205	0.319881	0.458508	0.474591	0.463121	0.518856	0.467407	0.544228	0.668176	0.513788	0.549191	0.640931	0.374165	0.520282	0.542053	0.762676	0.653174	0.698544	0.583536	0.413929	0.852908	0.646113	0.166967	0.821935	0.468056	0.226971	0.331389	0.527828	0.958326	0.418541	0.11776	0.598194	0.269719	0.617326	0.393332	0.54825	0.473563	
0.867208	0.767123	0.441449	0.930276	0.474808	0.236153	0.520656	0.418871	0.661145	0.218981	0.310458	0.153499	0.678125	0.594922	0.222705	0.496688	0.273125	0.584527	0.754476	0.533519	0.0791013	0.201009	0.9857	0.174915	0.0377885	0.827096	0.236801	0.542261	0.617698	0.459473	0.736569	0.858978	0.481197	0.705002	0.747898	0.453767	0.100194	0.360981	0.434622	0.221896	
0.0378881	0.668191	0.690475	0.099074	0.685158	0.698203	0.370669	0.449746	0.926118	0.649119	0.573138	0.757249	0.264361	0.365071	0.910487	0.75142	0.810844	0.367156	0.487594	0.508686	0.899277	0.844351	0.201342	0.981752	0.821265	0.330083	0.878215	0.855907	0.262698	0.69077	0.227534	0.678499	0.379252	0.299509	0.29569	0.608696	0.828793	0.709413	0.486643	0.635178	
0.637394	0.15403	0.455967	0.575645	1.02623	0.883077	0.464832	0.541773	1.30091	0.792865	0.588372	0.722144	0.39165	0.370559	1.05322	1.09227	1.0136	0.380474	0.146097	0.348293	0.951242	0.996343	0.792428	0.905357	0.869357	0.894448	0.738152	1.19392	0.677596	1.02233	0.390778	0.093044	0.534696	0.805737	0.315929	0.945074	0.921503	0.98026	0.473466	0.764247	
0.395923	0.366454	0.331004	0.40252	0.654346	0.537249	0.0938507	0.18953	0.928843	0.454313	0.28395	0.464525	0.104029	0.00434257	0.730604	0.721379	0.668888	0.00975739	0.228254	0.146959	0.662704	0.667665	0.557853	0.686071	0.577622	0.569177	0.552522	0.824827	0.32109	0.651337	0.160644	0.416235	0.16305	0.460008	0.15386	0.572363	0.612423	0.617413	0.162464	0.428591	
0.566659	0.215613	0.204184	0.556184	0.768422	0.60291	0.234201	0.277978	1.04086	0.51129	0.303277	0.438788	0.266504	0.17448	0.766788	0.831235	0.731748	0.177236	0.170484	0.0660133	0.665508	0.710764	0.730405	0.635217	0.583	0.74575	0.476466	0.928496	0.49144	0.762383	0.309414	0.290693	0.295455	0.63256	0.262577	0.691044	0.634659	0.709418	0.197144	0.482217	
0.689343	0.666489	0.370864	0.753234	0.39233	0.159405	0.353309	0.249908	0.632791	0.0781496	0.163045	0.142482	0.510209	0.436073	0.3026	0.43613	0.27399	0.425111	0.61973	0.402973	0.233195	0.245304	0.809879	0.328139	0.150916	0.664511	0.297417	0.511994	0.442524	0.379859	0.56738	0.752089	0.307209	0.538847	0.585926	0.344007	0.177703	0.294136	0.284696	0.0600244	
0.393715	0.61502	0.451208	0.466122	0.393362	0.326895	0.175246	0.145406	0.666859	0.270808	0.241535	0.403024	0.283453	0.26761	0.538351	0.461458	0.44966	0.257707	0.492058	0.342916	0.521238	0.472002	0.514023	0.619253	0.444754	0.402883	0.54455	0.566705	0.150971	0.391707	0.32746	0.675453	0.108146	0.274284	0.374663	0.310507	0.450429	0.37169	0.230643	0.257043	
0.0857753	0.701527	0.75698	0.0422719	0.767058	0.785841	0.446872	0.531317	1.00179	0.736511	0.6545	0.839902	0.323518	0.428768	0.998103	0.83244	0.897933	0.432486	0.519062	0.570891	0.986221	0.931985	0.180848	1.06506	0.907728	0.377904	0.956895	0.93592	0.348961	0.773297	0.276066	0.700346	0.461611	0.37088	0.333358	0.692068	0.916157	0.795092	0.562018	0.722243	
0.68901	0.945846	0.692155	0.787415	0.0593977	0.187062	0.533376	0.455362	0.310586	0.26012	0.452228	0.47301	0.655074	0.630155	0.30319	0.10235	0.1808	0.619343	0.850776	0.664967	0.400357	0.256536	0.747082	0.588775	0.378571	0.516891	0.620657	0.198654	0.428332	0.0444063	0.696658	1.01938	0.463882	0.429336	0.746408	0.0836646	0.324122	0.0557808	0.53398	0.285463	
0.0830153	0.784138	0.781406	0.181617	0.656327	0.711608	0.451754	0.514916	0.875641	0.676725	0.636111	0.813126	0.370975	0.464521	0.920638	0.718545	0.812063	0.464756	0.604825	0.606962	0.929746	0.855843	0.102059	1.03308	0.856879	0.234518	0.945021	0.818678	0.271992	0.664454	0.341719	0.797305	0.444189	0.247166	0.412594	0.58723	0.854529	0.699373	0.566199	0.667539	
0.190199	0.877142	0.844735	0.289154	0.611373	0.703477	0.512731	0.559573	0.807957	0.682404	0.67513	0.841938	0.457154	0.541611	0.905582	0.668533	0.790731	0.540103	0.700772	0.680151	0.933112	0.843023	0.120434	1.05465	0.866105	0.143796	0.982446	0.763072	0.288142	0.621559	0.436036	0.896005	0.491584	0.207226	0.509335	0.551019	0.854713	0.6703	0.622248	0.67779	
0.658032	0.856723	0.597517	0.749149	0.148539	0.104137	0.455484	0.370603	0.402675	0.166082	0.35857	0.382068	0.587397	0.552261	0.276482	0.196761	0.161484	0.541193	0.769197	0.576654	0.338966	0.216711	0.735677	0.515096	0.302468	0.527662	0.532466	0.286565	0.390818	0.136277	0.633286	0.932476	0.387444	0.422911	0.677273	0.113791	0.258466	0.0681558	0.445533	0.190758	
