15	50
45.0384	118.822
26.8843	154.016
15.1335	87.9581
20.8207	156.991
61.9035	12.0068
54.8848	131.741
56.239	37.7589
69.543	25.9772
18.9005	147.021
15.6629	144.316
75.0359	22.5531
40.9098	10.123
1.39312	128.411
22.0292	65.0156
14.5446	19.7102
14.5573
22.514
8.81574
17.3564
13.2987
8.67031
1.32443
22.3719
15.7807
16.0223
15.2453
14.5654
12.1028
16.3679
16.1986
14.8122
20.4069
5.59344
6.2501
1.50575
19.3167
10.8131
15.4525
11.0612
21.7715
16.7449
15.5106
12.4455
13.1015
9.70243
8.9736
9.85327
0.384029
20.9232
3.30819
13.3483
17.9766
1.17215
9.53847
18.074
6.12632
15.8703
15.7481
19.2446
9.38288
22.5461
5.85516
2.07675
10.3579
10.7705
0.715758	0.109346	0.430079	0.331852	0.780218	0.514354	0.908154	0.585576	0.867334	0.429018	0.202738	0.566685	0.806983	0.28927	0.905079	0.590804	0.886287	0.326299	0.311655	0.317542	0.738972	0.741974	0.53933	0.468649	0.800981	0.196072	0.740491	0.375921	0.898735	0.40661	0.402851	0.842635	0.788831	0.332216	0.768767	0.757228	0.88344	0.143479	0.619514	0.561369	0.997956	0.850808	0.394414	0.3959	0.945449	0.566725	0.559416	0.781425	0.772238	0.143735	
0.772081	0.840672	0.578441	0.848707	0.84192	1.22563	0.747512	0.463082	0.66861	0.606457	0.757017	0.402786	0.463807	0.740059	0.0415993	0.997165	0.756097	0.950565	1.0418	0.725398	0.681281	0.440573	0.866642	0.589495	0.433563	0.810609	0.906738	1.12802	0.794816	0.78553	0.579932	0.8036	0.836954	0.652597	0.229437	0.51023	0.665522	1.028	0.982511	0.690528	0.0853576	0.684119	0.802218	0.558238	0.0631985	0.473089	1.07322	0.899264	0.19307	1.04612	
0.870208	0.843234	0.621186	0.795222	0.944886	1.27176	0.867276	0.533086	0.787202	0.557205	0.767963	0.370529	0.579804	0.771178	0.16033	1.07074	0.873469	0.991625	1.07583	0.68373	0.784793	0.545699	0.939351	0.644842	0.548765	0.783332	1.00245	1.16388	0.911854	0.840233	0.546935	0.914764	0.941066	0.622156	0.322032	0.618583	0.785832	1.03745	1.06037	0.76875	0.101754	0.800494	0.855194	0.539873	0.201506	0.411147	1.1383	0.999843	0.273105	1.05302	
0.717796	0.155073	0.352351	0.203998	0.794172	0.677497	0.884508	0.490982	0.829356	0.232915	0.173996	0.384039	0.724925	0.284258	0.742974	0.674142	0.867027	0.436919	0.461765	0.129835	0.714391	0.654341	0.588164	0.407998	0.712028	0.0501649	0.776591	0.540506	0.887236	0.435028	0.211226	0.839683	0.800487	0.137743	0.629891	0.687312	0.843289	0.330759	0.694032	0.548109	0.825252	0.817979	0.43095	0.217261	0.788339	0.372407	0.670922	0.810225	0.623318	0.336502	
0.3301	0.333856	0.292712	0.668032	0.382387	0.371898	0.536836	0.396218	0.515989	0.617376	0.292686	0.620987	0.535191	0.194069	0.81518	0.211357	0.511482	0.129893	0.231561	0.577814	0.382003	0.492982	0.133572	0.26769	0.54374	0.506218	0.335058	0.29936	0.515828	0.0711518	0.551357	0.45465	0.392142	0.524659	0.633013	0.470756	0.533721	0.353096	0.228787	0.220203	0.935235	0.494055	0.0562371	0.500163	0.834039	0.688494	0.237564	0.377157	0.663519	0.378535	
0.470576	0.488909	0.196944	0.611904	0.553049	0.844151	0.54072	0.1076	0.464852	0.402779	0.39785	0.248971	0.292457	0.361832	0.341461	0.636395	0.535335	0.568395	0.660443	0.475284	0.405421	0.222348	0.505223	0.209906	0.269977	0.515124	0.592699	0.746169	0.568755	0.406347	0.339672	0.549026	0.552386	0.387589	0.175017	0.283934	0.472166	0.662402	0.628276	0.340765	0.458493	0.466171	0.422226	0.286407	0.368222	0.357224	0.702389	0.600025	0.191443	0.682834	
0.665528	0.658234	0.409278	0.679956	0.743449	1.06037	0.688378	0.318692	0.607901	0.439289	0.575645	0.233038	0.403137	0.565234	0.149065	0.855568	0.690377	0.781668	0.869235	0.551757	0.585714	0.354756	0.724202	0.429905	0.372419	0.630818	0.79517	0.95656	0.727604	0.625837	0.40447	0.722257	0.740699	0.475034	0.138549	0.428776	0.60969	0.846852	0.845838	0.555012	0.246612	0.617199	0.641181	0.377882	0.196683	0.321913	0.922918	0.795992	0.0878311	0.864526	
0.311495	0.329146	0.253601	0.655136	0.370854	0.413462	0.514573	0.354545	0.488702	0.590875	0.277327	0.585198	0.497611	0.171366	0.773589	0.236473	0.490118	0.163029	0.2659	0.558662	0.354682	0.453555	0.137073	0.226398	0.50518	0.494489	0.333053	0.337618	0.497249	0.0302438	0.523263	0.437864	0.379833	0.50099	0.591332	0.433866	0.506232	0.371431	0.248226	0.186174	0.893799	0.467779	0.0212329	0.470157	0.792359	0.655879	0.274054	0.372244	0.621931	0.397022	
0.267811	0.404023	0.319446	0.73462	0.313949	0.388204	0.47669	0.397361	0.462772	0.670637	0.357274	0.656217	0.505574	0.252265	0.818804	0.158947	0.450469	0.188169	0.28357	0.63951	0.330342	0.471547	0.0618244	0.281836	0.517824	0.573426	0.263424	0.339215	0.45198	0.104412	0.602354	0.389544	0.32412	0.581627	0.632887	0.439507	0.480687	0.421311	0.167691	0.188102	0.94146	0.439475	0.102049	0.54816	0.832952	0.731182	0.21354	0.30599	0.667913	0.446551	
0.839147	0.444806	0.44484	0.279843	0.923165	0.961787	0.95376	0.506981	0.882301	0.0719904	0.414948	0.197498	0.717859	0.49004	0.55955	0.89138	0.944193	0.697423	0.744671	0.189373	0.799968	0.647888	0.779182	0.504702	0.694335	0.309764	0.934499	0.828913	0.973775	0.629465	0.13167	0.942194	0.925948	0.174853	0.521092	0.706592	0.891531	0.63276	0.901003	0.67412	0.605926	0.879843	0.633866	0.187567	0.614066	0.107431	0.914378	0.956489	0.490425	0.639449	
0.0591773	0.682409	0.445649	0.971496	0.0629388	0.668189	0.155188	0.395997	0.169046	0.837292	0.608948	0.740738	0.324051	0.498268	0.741813	0.34096	0.127639	0.513207	0.607267	0.851746	0.100493	0.340535	0.272555	0.383944	0.351506	0.821883	0.148242	0.653661	0.127197	0.36885	0.764568	0.0680126	0.0565931	0.774125	0.563151	0.270413	0.1854	0.740937	0.305151	0.225133	0.865687	0.142573	0.382862	0.7031	0.733288	0.841945	0.44536	0.123497	0.612977	0.766478	
0.816489	0.195092	0.480012	0.193508	0.887292	0.657752	0.996821	0.626565	0.947573	0.346758	0.267018	0.521906	0.858602	0.375926	0.88645	0.723692	0.977231	0.463793	0.456028	0.21977	0.825889	0.789259	0.659176	0.530429	0.847678	0.108007	0.857177	0.51964	0.993914	0.514959	0.344309	0.941877	0.89488	0.2691	0.774608	0.81678	0.962497	0.283213	0.749798	0.65231	0.96548	0.933931	0.506128	0.35971	0.932528	0.495143	0.699575	0.895276	0.768252	0.277675	
0.870968	0.801384	0.597001	0.738101	0.948162	1.24448	0.882765	0.5229	0.802248	0.502152	0.729578	0.323149	0.594838	0.740443	0.196064	1.05693	0.887063	0.963405	1.04433	0.629736	0.789479	0.554137	0.925835	0.625874	0.563664	0.732598	1.001	1.13275	0.924993	0.818916	0.496325	0.923626	0.945091	0.571578	0.330244	0.627998	0.802232	0.996979	1.04879	0.759348	0.162923	0.813777	0.832987	0.493846	0.245293	0.354408	1.12003	1.00134	0.278491	1.01161	
0.834553	0.372455	0.437829	0.186916	0.91713	0.895125	0.967355	0.527506	0.900119	0.0607045	0.359149	0.265641	0.751366	0.449099	0.639688	0.854025	0.955183	0.641054	0.678131	0.0970971	0.806317	0.67974	0.750125	0.499499	0.730576	0.219851	0.91884	0.759505	0.982115	0.596554	0.123774	0.945051	0.921114	0.118391	0.58023	0.731884	0.910926	0.552014	0.867578	0.665008	0.694678	0.894849	0.598133	0.184008	0.692627	0.197443	0.866862	0.945028	0.555729	0.556528	
0.246641	0.860292	0.595152	1.13135	0.212901	0.84394	0.0590121	0.506199	0.137298	0.974262	0.781717	0.848439	0.342624	0.673798	0.764332	0.514064	0.0717773	0.701607	0.795126	1.0053	0.22444	0.392654	0.459968	0.534847	0.373758	0.988481	0.300255	0.838928	0.0618808	0.553362	0.902796	0.126102	0.201018	0.923078	0.608852	0.320586	0.135143	0.928379	0.47548	0.396794	0.88019	0.133555	0.568367	0.841593	0.742084	0.955611	0.617847	0.255945	0.661288	0.953949	
