15	40
26.7631	41.0529
28.7586	86.6727
43.3213	19.699
21.2392	17.9522
30.9664	31.9887
35.5436	34.1592
65.1641	119.96
25.2272	155.364
20.1749	30.2353
26.5278	13.0159
70.0254	127.729
26.2779	98.5767
42.4998	91.8445
59.2168	61.3407
1.94232	112.62
14.3362
4.20997
19.558
15.0034
13.1172
16.8207
20.835
10.6333
7.3357
9.31277
13.119
2.31826
24.6016
3.0889
9.77478
18.7645
5.88405
24.5712
17.2584
4.20614
6.0249
5.82886
6.82033
21.4768
0.282889
20.7393
22.499
7.76246
24.7829
24.1058
20.9935
3.86499
18.8759
1.21871
1.72332
12.4584
20.7668
18.7253
15.4129
11.9933
0.780419	0.748263	0.136271	0.428378	0.261529	0.469317	0.139633	0.320186	0.114099	0.83448	0.150006	0.431358	0.320501	0.776688	0.462209	0.384055	0.299451	0.541179	0.753289	0.395977	0.900836	0.241836	0.577907	0.648877	0.737873	0.490227	0.255731	0.18562	0.65381	0.60862	0.844126	0.812707	0.473103	0.724353	0.478044	0.455563	0.149472	0.793844	0.694313	0.466177	
0.69277	0.0676754	0.655548	0.807812	0.474656	0.541759	0.765149	0.593162	0.694301	0.298504	0.57981	0.301464	0.664248	0.397175	0.399066	0.536155	0.6558	0.181834	0.408319	0.523716	0.639669	0.826852	0.161443	0.0715848	0.276972	0.25157	0.793364	0.817694	0.185311	0.898111	0.306605	0.400382	0.498144	0.0558203	0.286346	0.74874	0.767421	0.741998	0.0247264	0.730298	
0.315769	0.332844	0.58981	0.577753	0.459562	0.299296	0.813773	0.434275	0.628762	0.188992	0.624592	0.346458	0.488546	0.0682665	0.636966	0.732325	0.801472	0.40426	0.0467301	0.340055	0.271613	0.90564	0.436773	0.381637	0.118644	0.305314	0.650069	0.717204	0.202369	0.60193	0.193918	0.105833	0.267845	0.436011	0.511564	0.499569	0.67874	0.366657	0.37201	0.474712	
0.253481	0.823428	0.576767	0.300496	0.604066	0.342094	0.845889	0.417337	0.592245	0.699147	0.730616	0.648601	0.389477	0.54935	0.935345	0.960606	0.954005	0.789039	0.519592	0.403266	0.442504	0.948082	0.836858	0.825561	0.631212	0.655901	0.483356	0.583039	0.672416	0.159848	0.70216	0.57929	0.37961	0.90105	0.844851	0.251468	0.581358	0.215941	0.836966	0.240402	
0.239027	0.782121	0.535241	0.271044	0.557798	0.295348	0.805628	0.372419	0.552252	0.665257	0.686309	0.601993	0.347583	0.517132	0.888448	0.91448	0.909674	0.743126	0.486714	0.356408	0.428997	0.908139	0.791118	0.781328	0.594025	0.610002	0.450018	0.549562	0.630624	0.156476	0.668733	0.548551	0.333229	0.857543	0.798051	0.214097	0.545023	0.209331	0.793727	0.20035	
1.08704	0.952734	0.444138	0.72075	0.527267	0.772937	0.176206	0.627118	0.420503	1.08589	0.36272	0.666407	0.62782	1.05279	0.545334	0.409181	0.269649	0.726899	1.03284	0.697312	1.19921	0.0824639	0.747907	0.835982	0.994771	0.723818	0.536651	0.442297	0.892956	0.900011	1.09599	1.08634	0.772144	0.89542	0.625498	0.75817	0.431054	1.10165	0.884795	0.770824	
0.405523	0.524813	0.903469	0.830423	0.781196	0.585585	1.13519	0.73532	0.941076	0.29273	0.946343	0.660693	0.778514	0.256766	0.930367	1.03948	1.11848	0.684299	0.275565	0.643509	0.218667	1.2274	0.703542	0.624266	0.343897	0.612534	0.940117	1.01786	0.465983	0.79457	0.284619	0.226763	0.565798	0.644964	0.802189	0.748545	0.984155	0.44666	0.594033	0.722529	
0.165683	0.537154	0.492619	0.376323	0.431408	0.158157	0.75518	0.309424	0.524587	0.419525	0.59137	0.408595	0.336012	0.276426	0.714572	0.772504	0.803056	0.529159	0.2449	0.2342	0.280904	0.85617	0.573751	0.549232	0.345067	0.39924	0.493034	0.578705	0.387433	0.372582	0.423762	0.311282	0.164579	0.620554	0.60603	0.294509	0.552247	0.198828	0.555679	0.268474	
0.498014	0.497994	0.197763	0.338383	0.101723	0.182902	0.429936	0.112398	0.237852	0.533173	0.257258	0.196202	0.181284	0.462281	0.435169	0.457794	0.471042	0.349618	0.438151	0.106543	0.593672	0.527992	0.398634	0.432316	0.434789	0.239263	0.303846	0.342985	0.37196	0.475515	0.542267	0.498909	0.170073	0.516497	0.362598	0.302385	0.297512	0.522908	0.46676	0.294038	
0.301648	0.475203	0.374414	0.342286	0.295924	0.0580102	0.62783	0.200352	0.409922	0.419403	0.457827	0.28434	0.247898	0.306539	0.585282	0.637485	0.667385	0.419559	0.276883	0.110339	0.395809	0.727371	0.467212	0.45968	0.326879	0.28646	0.410171	0.483284	0.323973	0.40339	0.426374	0.345073	0.0321987	0.538379	0.4829	0.268961	0.44927	0.332264	0.476077	0.24635	
0.263608	0.532213	0.795388	0.695884	0.691266	0.466563	1.04066	0.619678	0.831168	0.309963	0.858242	0.594783	0.656298	0.202903	0.886004	0.981467	1.04602	0.649054	0.205386	0.53157	0.0811784	1.13681	0.677232	0.610504	0.319112	0.554952	0.81584	0.8983	0.435592	0.653069	0.305603	0.192853	0.453221	0.648916	0.759819	0.614221	0.868001	0.305852	0.59005	0.588343	
0.769243	0.271233	0.532396	0.75525	0.359718	0.53535	0.583297	0.529274	0.566284	0.47707	0.414382	0.230461	0.597615	0.532447	0.188391	0.326636	0.451461	0.0913677	0.532389	0.489002	0.764649	0.633201	0.0594412	0.148606	0.421923	0.221184	0.693967	0.694657	0.300709	0.881364	0.486613	0.548191	0.495981	0.186453	0.0876077	0.713692	0.64306	0.812595	0.193547	0.701251	
0.44031	0.464139	0.889106	0.841112	0.756399	0.582907	1.11068	0.728013	0.927765	0.234742	0.919154	0.624917	0.776271	0.231608	0.882917	0.996981	1.08217	0.635369	0.2564	0.63452	0.262855	1.20019	0.651225	0.568619	0.298875	0.573667	0.938633	1.0117	0.418827	0.819964	0.22579	0.196018	0.558524	0.584022	0.754852	0.75948	0.975343	0.485307	0.535748	0.733478	
0.457474	0.320571	0.380185	0.482376	0.22364	0.222174	0.576462	0.273784	0.420803	0.351957	0.384052	0.1128	0.343654	0.307527	0.420045	0.497442	0.558357	0.233364	0.29057	0.19817	0.492718	0.665069	0.280909	0.280061	0.254956	0.100482	0.486254	0.52973	0.185758	0.57832	0.361488	0.339894	0.179789	0.362165	0.306262	0.423547	0.48383	0.497264	0.303724	0.405907	
0.181116	0.505384	0.495887	0.39947	0.422803	0.161186	0.754221	0.314904	0.529378	0.38777	0.585477	0.387867	0.347707	0.246282	0.695061	0.757848	0.793645	0.503448	0.214606	0.233416	0.272851	0.854309	0.547214	0.519962	0.31255	0.37503	0.507305	0.590024	0.356185	0.40358	0.392179	0.281874	0.158783	0.590235	0.583964	0.318051	0.561204	0.219562	0.525243	0.292124	
