15	40
25.1833	54.0351
16.1299	138.177
85.0541	43.0164
27.9186	16.126
85.0367	23.4138
53.9755	137.41
64.3785	71.295
61.6378	16.2533
71.7518	78.3077
11.567	137.195
29.0683	24.8871
65.1538	113.556
86.0823	100.602
64.83	153.85
74.7192	104.371
22.9157
2.90364
19.0853
6.90862
11.0392
7.22499
2.95064
10.0231
3.04963
11.3472
17.5438
16.073
8.90243
2.42401
22.1663
4.49746
6.33384
13.2321
10.2116
12.8271
1.22824
2.82022
13.8815
3.61066
0.768276
5.48713
13.1689
0.611245
14.2531
10.4221
22.4233
15.3305
5.7489
13.0631
13.7982
7.15846
16.3277
19.3782
10.8266
2.19944
0.795604	0.870232	0.643852	0.309468	0.197109	0.813971	0.717291	1.02788	0.0302071	0.169533	0.863345	0.748261	0.262342	0.742451	0.630513	0.46002	0.379714	0.609615	0.268604	0.854682	0.441059	0.683231	0.558113	0.161699	0.977747	0.779632	0.807011	0.477009	0.325221	0.432968	0.259587	0.683192	0.522525	0.498609	0.993172	0.774153	0.299865	0.684504	0.63933	0.0745474	
0.769234	0.85335	0.605322	0.283163	0.219896	0.805785	0.686338	0.99251	0.0254222	0.134026	0.834389	0.734636	0.27115	0.709894	0.594428	0.427334	0.394351	0.573677	0.243624	0.827923	0.408861	0.646379	0.548621	0.18603	0.941885	0.74266	0.788138	0.446845	0.304005	0.407243	0.283953	0.65621	0.496815	0.469927	0.959251	0.753914	0.331876	0.683767	0.600934	0.0930741	
0.826733	0.963863	0.489475	0.382295	0.431525	0.954427	0.711005	0.957254	0.237057	0.222274	0.870062	0.863214	0.473737	0.717922	0.422245	0.455901	0.601479	0.547958	0.0336027	0.880595	0.212675	0.600178	0.699313	0.397391	0.900759	0.689328	0.890279	0.495932	0.100942	0.492126	0.49546	0.71425	0.573532	0.261066	0.943331	0.849836	0.536859	0.858482	0.475101	0.214921	
0.277481	0.46191	0.394288	0.245301	0.569252	0.539675	0.171301	0.507554	0.516012	0.384806	0.323367	0.412304	0.490673	0.200596	0.551099	0.0946955	0.574969	0.160554	0.57264	0.330156	0.553635	0.240641	0.364648	0.56602	0.467589	0.319014	0.381691	0.0708685	0.630715	0.146287	0.607413	0.168269	0.107931	0.642221	0.457131	0.335772	0.702707	0.553749	0.419013	0.60626	
0.692979	0.718829	0.705919	0.249808	0.0810185	0.635817	0.649941	0.995275	0.181327	0.230433	0.776011	0.586961	0.0664112	0.687958	0.743174	0.424755	0.191745	0.598423	0.443051	0.752886	0.586693	0.682017	0.387726	0.0870562	0.9526	0.776767	0.664973	0.418574	0.506539	0.347757	0.126036	0.588423	0.428685	0.658373	0.944837	0.63903	0.216284	0.493229	0.710271	0.265757	
0.824185	1.00173	0.361614	0.457951	0.59436	1.02791	0.687564	0.871333	0.402646	0.338063	0.846782	0.921003	0.61802	0.67985	0.250712	0.463906	0.748728	0.495958	0.159735	0.871312	0.0332062	0.524711	0.784101	0.56235	0.812077	0.60087	0.92342	0.514611	0.153918	0.539917	0.658941	0.71886	0.60546	0.104806	0.873688	0.879259	0.709312	0.960582	0.339342	0.394217	
0.0947465	0.33112	0.585556	0.547969	0.848405	0.512495	0.15579	0.336382	0.826316	0.700281	0.00831785	0.39076	0.752689	0.171339	0.77756	0.411463	0.801894	0.353866	0.885097	0.0645718	0.839361	0.363968	0.493479	0.85263	0.334959	0.357806	0.274628	0.381784	0.939909	0.427465	0.873799	0.179989	0.340776	0.923131	0.248608	0.245433	0.970465	0.628419	0.617391	0.920036	
0.777608	1.00349	0.180382	0.577411	0.811217	1.0828	0.623737	0.690149	0.635218	0.528204	0.765851	0.958491	0.805348	0.593604	0.0272271	0.492299	0.93293	0.421334	0.431979	0.810096	0.244714	0.401834	0.872455	0.78424	0.63035	0.440846	0.923268	0.545768	0.428606	0.606714	0.874014	0.694734	0.6384	0.265766	0.717715	0.87686	0.940254	1.06328	0.148024	0.651715	
0.45277	0.709768	0.261343	0.574112	0.898924	0.853962	0.313916	0.263049	0.78995	0.648581	0.398105	0.721151	0.839512	0.259181	0.450956	0.402324	0.938039	0.225785	0.719215	0.460352	0.594966	0.140455	0.728314	0.886786	0.202907	0.0542689	0.63768	0.426188	0.751521	0.510923	0.947504	0.423065	0.476346	0.658132	0.28938	0.595549	1.03777	0.909916	0.291334	0.855784	
0.375391	0.631176	0.2812	0.512214	0.840159	0.772484	0.232927	0.26733	0.743815	0.602137	0.328851	0.639631	0.774903	0.179373	0.477686	0.337741	0.868585	0.164483	0.699661	0.387462	0.594768	0.0903826	0.648712	0.830324	0.211111	0.0291174	0.557988	0.355551	0.738356	0.43946	0.886009	0.341457	0.398965	0.665717	0.266501	0.515309	0.978118	0.829045	0.313419	0.816085	
0.731408	0.693636	0.85785	0.376104	0.166843	0.565019	0.724604	1.08488	0.349657	0.402041	0.825903	0.55315	0.119301	0.771256	0.911479	0.540638	0.0280666	0.716936	0.616374	0.7891	0.761464	0.802809	0.356919	0.202384	1.04882	0.893162	0.656642	0.519154	0.678458	0.436639	0.121977	0.641696	0.498165	0.833574	1.02341	0.641907	0.188116	0.391104	0.865633	0.418912	
0.314427	0.566633	0.305487	0.453035	0.78199	0.701668	0.165143	0.302281	0.697131	0.556333	0.282382	0.56873	0.712061	0.116922	0.500392	0.278186	0.801702	0.118298	0.677424	0.334016	0.591474	0.0841403	0.57553	0.774149	0.252908	0.100412	0.491609	0.289696	0.721503	0.372206	0.825426	0.270502	0.327126	0.668383	0.278799	0.447912	0.918828	0.75569	0.337713	0.774686	
0.493109	0.746656	0.190572	0.548294	0.86684	0.878371	0.3452	0.334285	0.746271	0.606218	0.449547	0.745537	0.8148	0.295524	0.379223	0.383124	0.919742	0.211704	0.658458	0.507685	0.527038	0.129321	0.733388	0.852273	0.274148	0.0937611	0.671654	0.41503	0.687702	0.499505	0.918336	0.448303	0.477314	0.588076	0.360124	0.627781	1.00608	0.919815	0.220028	0.80668	
0.632949	0.580037	0.830311	0.344831	0.252668	0.451062	0.64209	1.00539	0.404763	0.418978	0.730558	0.439239	0.158209	0.692374	0.908034	0.489534	0.0898608	0.661672	0.657963	0.689107	0.781216	0.747352	0.24611	0.283846	0.973434	0.832877	0.545871	0.45852	0.723681	0.37366	0.226092	0.55086	0.420162	0.860105	0.938707	0.533752	0.3024	0.282853	0.842173	0.489266	
0.350114	0.308845	0.708012	0.315388	0.478163	0.260398	0.392717	0.750511	0.543345	0.474876	0.451201	0.178579	0.368301	0.449027	0.840946	0.351185	0.376476	0.482741	0.726114	0.403559	0.783035	0.559842	0.0511595	0.495854	0.727663	0.627392	0.261175	0.299547	0.79359	0.2376	0.481571	0.286376	0.215162	0.872027	0.67489	0.244673	0.572936	0.231419	0.729339	0.644248	
