15	50
64.7549	101.288
72.4038	45.7128
64.609	104.863
84.6234	10.1001
82.0563	134.163
72.09	112.76
79.2645	137.604
29.7019	83.4087
53.4635	111.861
32.5381	16.2598
51.191	101.718
20.6544	110.902
76.6746	40.7421
27.0082	101.909
14.3964	144.433
20.4491
19.7683
21.7763
26.9166
10.6787
15.5477
1.80259
4.9591
5.49179
5.36551
9.97135
2.56394
8.91841
6.87058
10.2011
4.70052
12.3638
20.6341
14.1419
20.7231
4.46649
5.18882
25.4971
25.1274
24.4977
4.83637
25.707
1.95033
22.3021
8.79665
15.1187
23.9483
11.9302
13.4402
16.5346
5.44961
5.37941
24.652
19.6617
14.7778
18.5826
8.8179
9.00543
21.3671
21.4131
12.296
4.63752
16.4953
0.760454
22.3798
0.612043	0.216324	0.159431	0.390633	0.187433	0.240675	0.767544	0.433509	0.70344	0.664945	0.45235	0.997637	0.192537	0.40593	0.598376	0.793394	0.409152	0.606919	0.743242	0.630123	0.241884	0.372412	0.266797	0.775934	0.0564196	0.699449	0.537413	0.718781	0.117051	0.474302	0.107105	0.290016	0.647851	0.590585	0.181794	0.833914	0.644608	0.73077	0.311438	0.262553	0.742494	0.611525	0.283582	0.166336	0.758419	0.659966	0.311344	0.431016	0.42677	0.342832	
0.0998307	0.477674	0.665184	0.426431	0.844274	0.817367	0.700009	0.23997	0.484457	0.488694	0.239806	0.684615	0.851147	0.273346	0.765696	0.713443	0.648156	0.13467	1.09681	0.293725	0.531602	0.332807	0.89036	0.726014	0.700692	0.727356	0.627284	0.331351	0.700974	0.197289	0.763177	0.738947	0.637835	0.141351	0.510502	1.1672	0.456885	0.864695	0.881764	0.418816	0.585795	0.42894	0.456733	0.797058	1.06402	0.255075	0.855477	0.241839	0.962406	0.384922	
0.624359	0.217966	0.110796	0.437999	0.201599	0.282183	0.822661	0.458049	0.752546	0.7149	0.462288	1.04748	0.163185	0.41869	0.65526	0.848462	0.465953	0.635642	0.793465	0.670341	0.293942	0.407477	0.293386	0.831483	0.102899	0.755761	0.593329	0.759806	0.169288	0.497126	0.0754042	0.344205	0.703008	0.61934	0.182761	0.884287	0.693477	0.787574	0.349866	0.296009	0.794797	0.659506	0.273992	0.198532	0.810933	0.697455	0.354484	0.446931	0.466383	0.340224	
0.526926	0.667849	0.83754	0.358906	0.858379	0.761185	0.278046	0.444478	0.0731646	0.114125	0.555226	0.266055	0.936563	0.543998	0.454667	0.28302	0.459677	0.335263	0.802339	0.176463	0.512612	0.416852	0.851848	0.305496	0.747231	0.346751	0.345062	0.124601	0.706782	0.440212	0.856083	0.631555	0.275307	0.339146	0.683436	0.848912	0.115067	0.499336	0.797704	0.517824	0.155316	0.140133	0.702151	0.79347	0.747518	0.200391	0.759939	0.512619	0.82644	0.658371	
0.376368	0.605061	0.789902	0.363836	0.871526	0.797861	0.44379	0.350185	0.223059	0.245399	0.439994	0.393643	0.925092	0.44225	0.581421	0.451511	0.53379	0.194379	0.931433	0.106377	0.518267	0.364538	0.884993	0.47118	0.743326	0.498374	0.452806	0.0500716	0.716666	0.331244	0.839078	0.682558	0.416087	0.204084	0.628011	0.987083	0.222819	0.648826	0.846623	0.475868	0.321602	0.215396	0.621412	0.810996	0.883671	0.0746784	0.811967	0.407037	0.896364	0.565124	
0.928804	0.73038	0.772833	0.499721	0.563124	0.42109	0.421948	0.72788	0.561348	0.523684	0.83436	0.743059	0.704586	0.789196	0.18	0.439997	0.280313	0.787865	0.180036	0.670587	0.474279	0.622661	0.483496	0.406324	0.56684	0.31698	0.30335	0.709885	0.499512	0.761848	0.673425	0.324444	0.361944	0.777722	0.713991	0.253972	0.537283	0.209587	0.391306	0.61246	0.505109	0.540212	0.807286	0.51027	0.156249	0.722684	0.359811	0.784919	0.326046	0.823462	
0.980192	0.898316	0.987069	0.589938	0.827147	0.685535	0.265216	0.809942	0.480112	0.460176	0.930291	0.544383	0.961306	0.894228	0.240465	0.266426	0.434292	0.80443	0.361821	0.651189	0.639112	0.718892	0.759137	0.238294	0.799324	0.211572	0.345534	0.652825	0.732935	0.832506	0.915452	0.564207	0.301214	0.799572	0.891606	0.363783	0.488246	0.106673	0.669273	0.752342	0.386714	0.51131	0.96722	0.767409	0.28771	0.698886	0.633982	0.878598	0.6155	0.962803	
0.723914	0.483074	0.528975	0.305553	0.364157	0.229201	0.462695	0.515163	0.498301	0.454652	0.609334	0.75575	0.492284	0.561422	0.239511	0.487832	0.106878	0.613581	0.404644	0.536014	0.233828	0.408902	0.315624	0.461606	0.330584	0.370589	0.239469	0.600638	0.26343	0.553848	0.445171	0.0953416	0.352939	0.600527	0.465652	0.490818	0.452361	0.364725	0.241437	0.375905	0.487927	0.437312	0.560705	0.300875	0.401776	0.585014	0.202021	0.5629	0.261099	0.581582	
0.627087	0.219113	0.0911183	0.455828	0.214766	0.302611	0.844075	0.466297	0.770854	0.733636	0.464556	1.06604	0.159393	0.422315	0.678289	0.869842	0.48868	0.645148	0.815654	0.684696	0.314135	0.420224	0.30951	0.853168	0.125484	0.777994	0.615296	0.774422	0.192246	0.504532	0.0757974	0.367304	0.724469	0.62889	0.184457	0.906498	0.711708	0.810697	0.369247	0.308704	0.814664	0.677346	0.269608	0.217084	0.833655	0.710592	0.375137	0.451706	0.485853	0.338085	
0.277777	0.131824	0.312845	0.333578	0.531102	0.54583	0.752772	0.170106	0.596784	0.573961	0.115363	0.876543	0.510113	0.082702	0.694543	0.774939	0.515377	0.340483	0.956645	0.442866	0.318735	0.211838	0.599055	0.771764	0.388812	0.728912	0.576023	0.528321	0.412286	0.190966	0.424633	0.516943	0.647954	0.325997	0.166975	1.04118	0.542677	0.82322	0.617809	0.178424	0.675917	0.503968	0.106247	0.498187	0.947097	0.447055	0.602544	0.118494	0.720591	0.047814	
0.127219	0.46529	0.655005	0.384766	0.818971	0.785431	0.651974	0.214485	0.437136	0.44066	0.238486	0.644562	0.833296	0.264385	0.71876	0.665605	0.60506	0.0866009	1.05168	0.245901	0.497261	0.298973	0.860771	0.677913	0.676452	0.679064	0.580342	0.287359	0.672748	0.173493	0.744956	0.702039	0.589564	0.0943495	0.496728	1.12123	0.408741	0.816741	0.84831	0.391948	0.538289	0.380625	0.452265	0.769464	1.01789	0.208738	0.820859	0.230115	0.925799	0.382802	
0.333738	0.183423	0.359436	0.170025	0.477451	0.450312	0.594441	0.129452	0.457735	0.429083	0.203583	0.748507	0.502931	0.155695	0.530332	0.617513	0.355853	0.295029	0.805471	0.335984	0.177126	0.0686959	0.521164	0.612091	0.335834	0.565217	0.410963	0.42615	0.33172	0.172306	0.414941	0.388257	0.486095	0.278705	0.200056	0.887504	0.400254	0.658267	0.517165	0.050432	0.526889	0.361983	0.22751	0.428065	0.790846	0.357203	0.493991	0.158968	0.606553	0.207474	
0.229086	0.187291	0.376746	0.28369	0.564938	0.560769	0.69142	0.0935043	0.526097	0.505561	0.0767514	0.802137	0.561023	0.0267111	0.653691	0.712692	0.484481	0.264945	0.935249	0.36698	0.30412	0.154659	0.623006	0.711659	0.420567	0.675002	0.528419	0.451706	0.432606	0.114958	0.473443	0.512814	0.591158	0.250108	0.219643	1.01706	0.473554	0.778464	0.63067	0.163468	0.608755	0.435034	0.181135	0.524582	0.919959	0.37008	0.611019	0.0490633	0.726529	0.123295	
0.641214	0.239462	0.148152	0.427849	0.169234	0.24482	0.801387	0.466966	0.740334	0.701658	0.480298	1.03432	0.156055	0.434982	0.626699	0.827282	0.439593	0.641778	0.757141	0.667225	0.278241	0.408591	0.257823	0.809234	0.067679	0.731416	0.570283	0.755969	0.135112	0.507255	0.0698113	0.310463	0.681701	0.625442	0.204239	0.847991	0.681558	0.758129	0.312576	0.298192	0.778373	0.648622	0.301255	0.161616	0.775579	0.69673	0.317157	0.461392	0.429062	0.364519	
0.893711	0.758206	0.83173	0.476708	0.660531	0.518717	0.292852	0.705815	0.460662	0.42821	0.821301	0.611899	0.795752	0.780556	0.104598	0.308215	0.287776	0.733953	0.274505	0.597974	0.496243	0.606332	0.592343	0.274212	0.637974	0.192409	0.241034	0.622473	0.570938	0.734315	0.752496	0.399591	0.257343	0.726133	0.747829	0.317461	0.448065	0.0713502	0.502855	0.621346	0.389828	0.459482	0.830872	0.601392	0.215717	0.649337	0.46723	0.769991	0.454587	0.834821	
