15	50
55.3341	15.9484
64.0199	126.604
65.042	77.4812
69.9151	85.2253
19.9925	125.343
47.8601	45.5275
73.2121	121.154
20.8574	19.9405
27.6718	80.4977
71.8594	17.3339
60.0685	40.8663
50.6577	142.23
80.553	130.725
77.3238	83.6748
54.4962	94.9696
3.96526
17.0036
2.60522
15.1883
4.34286
0.659657
9.50984
14.2043
2.99939
8.04287
4.06795
0.847102
1.27969
6.58467
10.6918
11.0634
1.74574
8.71415
6.32429
16.4682
6.50913
12.3012
13.167
0.370885
13.0972
8.96013
15.9414
5.89105
7.98128
7.6658
10.4357
9.93113
1.85221
2.77533
7.05065
13.8103
7.50238
1.28779
9.10854
3.20396
13.551
12.7632
10.5373
11.5061
5.40571
6.04882
14.9892
3.22481
10.5485
8.78095
0.430015	0.347788	0.439648	0.240857	0.323434	0.270201	0.431457	0.535204	0.265034	0.375138	0.805373	0.193397	0.250115	0.627212	0.567446	0.330466	0.272258	0.548048	0.278091	0.715127	0.358626	0.245906	0.382931	0.508149	0.550278	0.227322	0.546192	0.593237	0.497012	0.361338	0.516741	0.282512	0.546529	0.57323	0.283868	0.424087	0.413596	0.480455	0.162488	0.273975	0.174426	0.432489	0.296795	0.210599	0.530364	0.550813	0.180517	0.516663	0.671841	0.606782	
0.634374	0.521611	0.379689	0.380454	0.386051	0.456742	0.654072	0.738045	0.486031	0.408455	0.906897	0.0602991	0.0610023	0.728796	0.373264	0.211888	0.34857	0.498116	0.417563	0.893196	0.288646	0.225721	0.592501	0.733362	0.365134	0.194537	0.719421	0.812424	0.670478	0.606031	0.669978	0.186024	0.793044	0.525665	0.276775	0.19751	0.623885	0.566034	0.408074	0.319734	0.0762799	0.520605	0.542137	0.396925	0.756544	0.790045	0.0668614	0.758564	0.817917	0.612633	
0.570244	0.564281	0.773607	0.52474	0.634731	0.0665051	0.522857	0.654707	0.111256	0.692102	1.04072	0.490062	0.489611	0.876916	0.884784	0.661118	0.58543	0.878538	0.551443	0.857337	0.69376	0.350228	0.0920748	0.570563	0.871205	0.561959	0.720192	0.658159	0.679388	0.362668	0.724414	0.424495	0.452784	0.902706	0.616995	0.719013	0.544568	0.25287	0.247167	0.269239	0.448731	0.223371	0.323717	0.460027	0.584236	0.538772	0.470907	0.49333	0.868068	0.91895	
0.27453	0.390187	0.768484	0.534046	0.589357	0.776633	0.281414	0.169444	0.688799	0.618001	0.45148	0.84711	0.935214	0.418574	1.04953	0.830316	0.596523	0.773395	0.502211	0.133555	0.77446	0.942773	0.740267	0.22233	1.02136	0.747404	0.221573	0.13622	0.258765	0.430183	0.297391	0.985614	0.422288	0.775748	0.701757	1.0084	0.289534	1.04343	0.606845	0.938561	0.855043	1.00757	0.475596	0.510775	0.209399	0.286871	0.845779	0.327121	0.267333	0.668378	
0.439248	0.492371	0.821623	0.52074	0.642633	0.277568	0.369221	0.493887	0.203415	0.702051	0.929237	0.628858	0.662677	0.789654	1.00068	0.755222	0.602887	0.905659	0.531343	0.689393	0.760592	0.561642	0.166694	0.387471	0.981374	0.645085	0.587734	0.463651	0.558827	0.206279	0.617003	0.632142	0.20889	0.925271	0.671649	0.861725	0.4131	0.492412	0.279163	0.500265	0.600419	0.470163	0.217359	0.445244	0.393635	0.319048	0.613594	0.274788	0.73667	0.903012	
0.251062	0.385639	0.79621	0.519297	0.60259	0.663564	0.212206	0.179887	0.573478	0.643519	0.587781	0.806024	0.884745	0.519302	1.06223	0.826207	0.596282	0.823818	0.495855	0.280662	0.783744	0.865194	0.608341	0.132747	1.03543	0.730346	0.28921	0.071983	0.303404	0.315071	0.361868	0.916632	0.268323	0.831183	0.701164	0.993729	0.251399	0.923217	0.516443	0.846534	0.805071	0.89102	0.371791	0.475494	0.109626	0.138006	0.80102	0.182316	0.39074	0.742769	
0.7144	0.590229	0.340801	0.446439	0.415008	0.589795	0.745232	0.814091	0.616978	0.418572	0.919226	0.174846	0.174899	0.74774	0.25021	0.179995	0.391068	0.450113	0.478773	0.950072	0.263644	0.345796	0.725046	0.824771	0.247385	0.23347	0.778324	0.897974	0.731355	0.717821	0.719697	0.29042	0.908312	0.476517	0.294565	0.0655968	0.707855	0.687335	0.530038	0.443497	0.207715	0.643528	0.655685	0.481239	0.848291	0.893054	0.190513	0.865004	0.858014	0.586524	
0.497485	0.38905	0.228129	0.364062	0.253825	0.829154	0.573339	0.538853	0.788257	0.200954	0.383068	0.551522	0.645835	0.254054	0.491636	0.389847	0.304654	0.151333	0.343726	0.552504	0.305557	0.76968	0.903481	0.626169	0.463375	0.402271	0.434772	0.646662	0.415218	0.679999	0.358613	0.760707	0.840051	0.140764	0.318358	0.552722	0.513854	1.056	0.645114	0.833663	0.593559	1.00789	0.654176	0.435258	0.644374	0.743279	0.566189	0.744712	0.413523	0.0321387	
0.421763	0.325532	0.384807	0.203969	0.274337	0.324933	0.43327	0.527019	0.316121	0.323884	0.768752	0.165801	0.240806	0.589355	0.520841	0.279571	0.223445	0.493475	0.242746	0.698138	0.30423	0.273186	0.43506	0.511927	0.502474	0.173958	0.52638	0.593629	0.476804	0.384123	0.490278	0.297287	0.573915	0.518781	0.229092	0.386849	0.408197	0.531314	0.201403	0.315413	0.160756	0.483142	0.321391	0.189572	0.534841	0.565807	0.157778	0.534725	0.64475	0.555486	
0.513555	0.450574	0.435853	0.489142	0.409623	0.954033	0.59235	0.513136	0.897967	0.373373	0.191897	0.737638	0.8354	0.162124	0.696722	0.592159	0.458701	0.35416	0.45687	0.449077	0.507836	0.942933	1.00412	0.62174	0.668952	0.587688	0.396032	0.612408	0.401136	0.734797	0.336652	0.943442	0.861133	0.337263	0.503736	0.760255	0.536865	1.20115	0.757644	0.995721	0.775436	1.15408	0.72682	0.545839	0.634084	0.742416	0.750047	0.756391	0.304693	0.19826	
0.514918	0.386175	0.0798027	0.307201	0.185561	0.741453	0.581797	0.580996	0.714127	0.127472	0.521053	0.417718	0.507746	0.369255	0.358121	0.243773	0.225823	0.0780605	0.30269	0.640592	0.160623	0.643365	0.833255	0.647464	0.329163	0.273655	0.495377	0.686907	0.462932	0.654438	0.419778	0.626892	0.832449	0.099611	0.195433	0.404347	0.524629	0.948152	0.574435	0.715512	0.462771	0.899837	0.616039	0.382662	0.668572	0.755541	0.434151	0.747957	0.51435	0.167946	
0.105386	0.157537	0.528715	0.299241	0.346635	0.637327	0.177688	0.102364	0.560003	0.376909	0.385131	0.619746	0.712749	0.260232	0.80734	0.588411	0.355164	0.544634	0.264444	0.216968	0.531751	0.744924	0.643795	0.201051	0.779308	0.50938	0.0496714	0.210238	0.0214693	0.339088	0.0851981	0.77784	0.440972	0.550582	0.459795	0.767961	0.131924	0.906043	0.443392	0.758545	0.633728	0.86426	0.352995	0.291651	0.215075	0.321924	0.620884	0.335447	0.197646	0.461161	
0.0792426	0.151866	0.538885	0.295618	0.352399	0.61531	0.150219	0.0853457	0.536771	0.386314	0.412184	0.613401	0.704886	0.287076	0.814369	0.590933	0.357011	0.560064	0.262746	0.229381	0.537372	0.731161	0.618652	0.175708	0.786605	0.508115	0.0728674	0.19232	0.0464475	0.312415	0.111017	0.766211	0.41402	0.567091	0.462486	0.768699	0.105816	0.88451	0.42307	0.741772	0.625371	0.843218	0.328063	0.28123	0.190854	0.296494	0.613663	0.308818	0.222758	0.481958	
0.255923	0.211738	0.486402	0.187419	0.308598	0.308855	0.247393	0.358809	0.247284	0.368286	0.690304	0.361293	0.432392	0.522766	0.686397	0.437033	0.267219	0.570574	0.20483	0.549498	0.430082	0.419108	0.356942	0.323224	0.664254	0.32705	0.389848	0.409194	0.343472	0.193587	0.378701	0.464659	0.386119	0.590876	0.33967	0.573988	0.236042	0.571745	0.109267	0.420493	0.353769	0.52806	0.136268	0.113303	0.345321	0.370187	0.353259	0.339496	0.529757	0.580493	
0.658061	0.526171	0.116548	0.427154	0.312668	0.814123	0.721378	0.728574	0.801313	0.262585	0.646395	0.432915	0.504647	0.509055	0.231367	0.236093	0.339995	0.112389	0.431605	0.789076	0.185477	0.662761	0.921306	0.790136	0.20429	0.318379	0.644895	0.833619	0.611798	0.778126	0.569365	0.629978	0.962541	0.12931	0.267353	0.335303	0.665782	0.990736	0.669165	0.747572	0.481845	0.943065	0.73335	0.500016	0.81184	0.894433	0.452403	0.883611	0.659991	0.267826	
