15	20
50.8455	133.087
18.0107	52.6045
159.187	76.4202
31.3673	81.3974
19.7585	80.8585
114.909	12.3042
120.299	65.4255
136.288	91.2435
172.727	111.647
150.625	114.728
128.168	153.102
87.4256	142.057
91.9808	55.3791
66.0049	59.7435
165.561	113.347
24.6587
42.0857
34.3172
7.33205
33.8669
11.1073
11.8184
4.27601
22.4937
10.9266
38.6899
8.59778
38.7213
33.157
25.4189
16.3132
15.891
1.18832
48.8246
18.0966
0.31851	0.816942	0.715666	0.197584	0.20894	1.01462	0.75007	0.261882	0.382748	0.924834	0.365201	0.355079	0.30988	0.537387	0.604667	0.117598	0.584447	0.372026	0.751698	0.413501	
0.668531	0.654512	1.1611	0.817299	0.788112	0.895849	0.963021	0.553107	0.660331	0.84514	0.722916	0.370567	0.673472	1.08148	1.04384	0.717506	0.539533	0.863082	0.696794	0.790279	
0.414836	0.356257	0.860426	0.759631	0.746196	0.603558	0.637483	0.350053	0.383231	0.539458	0.452701	0.38182	0.422927	0.814029	0.748842	0.651074	0.21262	0.604487	0.376445	0.509701	
0.226024	0.441167	0.716695	0.582381	0.575553	0.669663	0.561939	0.148862	0.213711	0.588061	0.276506	0.297385	0.23245	0.637835	0.598141	0.475889	0.212324	0.421199	0.406552	0.343453	
0.521099	0.285909	0.917177	0.89686	0.883839	0.525106	0.65362	0.477252	0.478019	0.476929	0.547805	0.51314	0.530254	0.898877	0.813827	0.788372	0.250091	0.700075	0.345328	0.594965	
0.100761	0.440027	0.572852	0.576466	0.580497	0.635367	0.443064	0.13688	0.0698513	0.546502	0.136108	0.404527	0.110226	0.499166	0.454101	0.479775	0.214206	0.286735	0.371323	0.200018	
0.616537	0.294157	0.611808	1.13231	1.14185	0.162948	0.28021	0.704887	0.55243	0.119296	0.576939	0.932323	0.625407	0.730291	0.576454	1.04283	0.43409	0.653982	0.244639	0.552201	
0.184074	0.41321	0.659953	0.597676	0.595101	0.631656	0.502535	0.147523	0.160076	0.54719	0.226632	0.351142	0.192073	0.58969	0.542327	0.494116	0.179298	0.375993	0.365972	0.290242	
0.364964	0.336664	0.806572	0.734941	0.724262	0.582	0.588257	0.310438	0.330781	0.512508	0.400518	0.382464	0.373392	0.761033	0.694876	0.626919	0.165489	0.552709	0.342182	0.456415	
0.239438	0.482459	0.318485	0.720033	0.738436	0.578375	0.220471	0.374905	0.204903	0.489329	0.175799	0.664849	0.243261	0.317986	0.210586	0.647442	0.353179	0.2023	0.37421	0.117364	
0.224272	0.569396	0.289617	0.654944	0.677188	0.672161	0.29743	0.363564	0.216261	0.583101	0.159993	0.656288	0.22404	0.236533	0.169101	0.591655	0.418186	0.116492	0.463332	0.0881996	
0.620911	0.478882	1.07201	0.891693	0.869925	0.713103	0.833425	0.536375	0.594196	0.669597	0.663014	0.458059	0.628262	1.02547	0.961337	0.784847	0.412195	0.813617	0.5373	0.721842	
0.68853	0.53057	1.1405	0.941102	0.917321	0.757624	0.898285	0.60059	0.662728	0.719838	0.731402	0.500288	0.695733	1.09402	1.03007	0.835491	0.479081	0.881706	0.59609	0.790561	
0.443884	0.292109	0.857006	0.822162	0.81051	0.539048	0.610963	0.398341	0.403198	0.47936	0.473215	0.453306	0.452863	0.828236	0.750097	0.713912	0.191145	0.62581	0.325845	0.523371	
0.379355	0.642149	0.137886	0.776975	0.803826	0.69067	0.262437	0.518663	0.366677	0.609206	0.314723	0.811299	0.379123	0.191981	0.0355769	0.725453	0.53512	0.23693	0.530609	0.242662	
