10	40
57.9684	59.6516
164.621	59.6215
44.0452	76.926
4.0431	84.7831
26.5021	17.6622
86.0905	125.612
59.4056	135.082
160.029	109.422
127.667	30.6427
2.18235	107.964
9.73245
5.05046
7.82982
10.9476
6.22113
5.76917
10.127
7.56862
11.5144
5.79943
9.46081
2.91506
2.15286
3.26171
8.56478
10.5974
1.80768
1.66912
6.02779
5.75239
12.4918
12.8731
7.98678
3.35994
8.48137
4.35339
8.81756
7.92377
6.34781
5.16012
2.92482
5.31276
2.32203
6.31718
8.60844
6.73102
8.26709
7.09772
10.2003
0.775816
0.826204	0.959747	0.0782391	0.713323	0.784723	0.891709	0.575773	1.18452	0.993591	0.532148	0.597354	0.688636	0.255032	0.889602	0.903858	0.757953	0.179866	0.495692	1.0387	0.192214	0.419905	0.438483	0.471784	1.08953	0.34867	0.274607	0.100958	0.699089	0.93772	0.465114	0.58449	0.849822	0.365387	0.203394	0.388197	0.902263	0.662767	1.09342	0.961053	0.858829	
0.469037	0.655587	0.783415	0.206818	0.102371	0.639967	0.696301	0.517453	0.255802	0.742529	0.267715	0.582414	0.606383	0.322587	0.936339	0.339059	0.647745	0.332111	0.503484	0.638934	0.843311	0.505234	0.49742	0.495018	0.648089	0.554747	0.924147	0.644885	0.23247	0.441048	0.401106	0.431499	0.903844	0.96287	0.84597	0.230526	0.862224	0.405807	0.413437	0.993708	
0.726524	0.821733	0.175493	0.798744	0.844344	0.750815	0.403909	1.11959	0.971475	0.344971	0.682683	0.552932	0.413106	0.834217	0.699133	0.695956	0.308389	0.55772	0.950085	0.329545	0.198822	0.375493	0.399032	1.01155	0.234531	0.380805	0.22766	0.544931	0.913	0.429354	0.523703	0.761734	0.13246	0.141258	0.165057	0.873947	0.451625	1.04349	0.887046	0.641099	
0.645159	0.71021	0.316264	0.839738	0.866649	0.639274	0.286234	1.05003	0.934496	0.21841	0.729452	0.454101	0.521165	0.779408	0.548561	0.643186	0.417599	0.599087	0.868662	0.438735	0.0486236	0.357614	0.368904	0.935719	0.217145	0.467779	0.383002	0.432061	0.876212	0.421936	0.485379	0.687072	0.0539376	0.278781	0.0197625	0.836163	0.300181	0.985706	0.81746	0.485973	
0.52315	0.716581	0.510856	0.18648	0.239354	0.673665	0.574875	0.74217	0.501812	0.597255	0.0781147	0.532613	0.318606	0.470767	0.888714	0.391514	0.365921	0.0559707	0.660492	0.355034	0.647374	0.32547	0.337406	0.68192	0.439767	0.271339	0.64543	0.586687	0.455916	0.264538	0.314065	0.512046	0.685078	0.699468	0.640556	0.431185	0.743105	0.634389	0.565713	0.91381	
0.294106	0.138708	0.865427	0.893456	0.838951	0.12363	0.374773	0.578164	0.636869	0.434395	0.845789	0.270703	0.916203	0.466324	0.2411	0.427525	0.856812	0.758818	0.389916	0.868899	0.601068	0.549376	0.516354	0.462829	0.595299	0.828289	0.98881	0.245198	0.600551	0.569714	0.473	0.335916	0.701125	0.917695	0.631867	0.572679	0.385369	0.580401	0.415964	0.349103	
0.139037	0.104197	0.779215	0.737625	0.681976	0.0411079	0.327505	0.48619	0.496508	0.396748	0.694015	0.16866	0.794973	0.319585	0.355389	0.27055	0.747212	0.614057	0.290265	0.756755	0.568158	0.433455	0.398862	0.365428	0.50998	0.706724	0.913451	0.182044	0.454982	0.441027	0.332395	0.185084	0.667402	0.861399	0.594325	0.424161	0.4068	0.463652	0.286752	0.443532	
0.0204484	0.193639	0.739926	0.615388	0.556314	0.161221	0.353702	0.426983	0.384795	0.422658	0.579034	0.180063	0.718233	0.204474	0.471137	0.145353	0.684379	0.510427	0.242644	0.690921	0.585495	0.375533	0.341491	0.310068	0.482158	0.631266	0.881691	0.228297	0.338229	0.365532	0.245251	0.0720684	0.679611	0.848239	0.60647	0.304554	0.47445	0.379261	0.200063	0.548408	
0.284605	0.341735	1.00155	0.655119	0.558612	0.377708	0.658328	0.123202	0.220497	0.727122	0.673984	0.484537	0.922603	0.183839	0.715623	0.310286	0.916045	0.662565	0.091272	0.917266	0.88774	0.635792	0.605832	0.0385104	0.764039	0.843594	1.14808	0.528849	0.225048	0.603076	0.485208	0.239806	0.979606	1.13226	0.907081	0.230443	0.771765	0.10355	0.110404	0.812766	
0.580679	0.716496	0.173789	0.578838	0.623426	0.649545	0.357419	0.947136	0.773085	0.331539	0.463653	0.447442	0.25311	0.65368	0.702388	0.518734	0.160995	0.337109	0.79507	0.179007	0.290868	0.19404	0.226584	0.848204	0.122366	0.188254	0.319494	0.464428	0.71544	0.229761	0.343384	0.605554	0.301009	0.324265	0.272786	0.677875	0.481204	0.860834	0.720092	0.679127	
