15	30
0.391796	73.1701
129.307	120.081
75.4152	55.0811
119.527	122.135
161.703	141.082
127.911	68.3699
131.365	146.17
101.945	87.3893
11.1545	52.7195
7.32591	100.288
138.857	148.389
111.971	153.592
167.768	92.2077
102.786	39.7158
47.7527	138.108
39.3831
34.816
6.60208
7.13953
28.0854
33.3907
2.42664
17.0044
16.0978
39.2119
39.03
42.2211
21.2262
14.2779
15.7684
50.3452
19.7052
27.8773
36.0259
49.1016
18.4281
47.239
34.3679
44.6933
23.6092
23.7873
13.9422
1.00828
4.71549
17.7217
0.38301	0.803138	0.454008	0.515708	0.640714	0.0572317	0.671979	0.269817	0.439065	0.786144	0.977364	0.572515	0.830294	0.755534	0.278764	0.289232	0.286	0.256004	0.439608	0.885589	0.23704	0.762347	0.493829	0.806811	0.503841	0.710345	0.546914	0.943066	0.241721	0.709211	
0.274032	0.723908	0.116884	0.361155	0.177595	0.452084	0.195928	0.544859	0.224003	0.343607	0.534905	0.580116	0.663332	0.289345	0.624894	0.691701	0.402374	0.651917	0.298272	0.732296	0.403539	0.301308	0.418089	0.652748	0.112463	0.347585	0.272466	0.476585	0.249676	0.268691	
0.165165	1.09756	0.519578	0.120616	0.588921	0.403593	0.5437	0.6977	0.212174	0.756111	0.93449	0.902869	1.067	0.679056	0.732323	0.749487	0.175014	0.716319	0.65198	1.13413	0.223917	0.698297	0.047668	1.05162	0.53952	0.781105	0.235456	0.844661	0.319202	0.688729	
0.897569	0.249244	0.631455	1.03759	0.77299	0.713674	0.870281	0.405255	0.902454	0.791971	0.905603	0.169703	0.377057	0.840247	0.446925	0.521362	0.89835	0.513487	0.448457	0.382985	0.857495	0.827188	1.05759	0.35132	0.658265	0.625514	0.993629	0.962356	0.725292	0.752183	
0.0822383	0.986778	0.423336	0.160411	0.520674	0.304247	0.493307	0.585521	0.155385	0.689652	0.875642	0.788803	0.961639	0.621052	0.624524	0.647967	0.0925474	0.613185	0.542989	1.028	0.133514	0.637917	0.137178	0.945237	0.44971	0.694913	0.230479	0.797525	0.204534	0.617736	
0.764979	0.180036	0.453702	0.895949	0.570297	0.657622	0.670893	0.409929	0.754831	0.577219	0.691266	0.0806803	0.22597	0.629288	0.486357	0.576765	0.800393	0.554603	0.278828	0.267555	0.766945	0.615062	0.928618	0.198782	0.470819	0.410115	0.834172	0.746646	0.608933	0.540729	
0.0826151	0.959705	0.403895	0.186403	0.511329	0.275938	0.490053	0.55442	0.158474	0.680077	0.867963	0.759822	0.937135	0.614543	0.593919	0.618495	0.0781087	0.583417	0.517187	1.00312	0.111288	0.630557	0.168108	0.920288	0.432812	0.678414	0.244868	0.793698	0.175469	0.606924	
0.673355	0.758234	0.435763	0.703311	0.249418	0.870633	0.265121	0.878455	0.604067	0.117272	0.131778	0.744239	0.632375	0.136699	0.970074	1.05254	0.820364	1.01458	0.538846	0.69004	0.826876	0.125453	0.778018	0.639936	0.384851	0.278966	0.583798	0.0610497	0.674162	0.184022	
0.997899	0.063026	0.666501	1.12336	0.74042	0.899497	0.843975	0.633183	0.980914	0.696494	0.752983	0.294923	0.160922	0.770086	0.697523	0.782144	1.04183	0.766568	0.507621	0.121758	1.00932	0.750887	1.16136	0.151725	0.672255	0.534335	1.05151	0.841062	0.848383	0.684168	
0.400625	0.539466	0.159136	0.534856	0.353841	0.354565	0.42421	0.306954	0.396433	0.466004	0.64916	0.351087	0.523722	0.46001	0.395599	0.475245	0.444456	0.436994	0.10233	0.587483	0.417062	0.459713	0.56411	0.504754	0.206245	0.366433	0.486126	0.637551	0.24791	0.393707	
0.628451	0.58104	0.516141	0.772161	0.711299	0.356028	0.779763	0.0526911	0.662119	0.810509	0.981125	0.351354	0.651292	0.815184	0.0607224	0.152233	0.574088	0.129392	0.389297	0.6911	0.526869	0.812957	0.768022	0.624302	0.563914	0.681319	0.769208	0.986732	0.451964	0.743178	
0.886138	0.0879549	0.574039	1.0177	0.680067	0.76355	0.782243	0.490371	0.876649	0.668717	0.760615	0.154705	0.207396	0.729513	0.55466	0.639931	0.917058	0.623732	0.400631	0.216318	0.882044	0.713324	1.04971	0.182127	0.588849	0.500541	0.955657	0.830221	0.727815	0.640966	
0.083247	0.855994	0.286453	0.22525	0.400675	0.28543	0.391532	0.50381	0.111694	0.56833	0.758485	0.666465	0.82589	0.508007	0.559236	0.600556	0.177374	0.562473	0.410016	0.892697	0.183414	0.52243	0.245917	0.810069	0.315181	0.560795	0.220817	0.69136	0.10169	0.493779	
0.740411	0.295617	0.386469	0.847091	0.41326	0.744336	0.516031	0.584082	0.706282	0.362952	0.448087	0.320966	0.186653	0.43516	0.673495	0.765987	0.823082	0.736242	0.292207	0.254314	0.80215	0.415914	0.897876	0.18538	0.375086	0.199375	0.758374	0.517405	0.626003	0.349822	
0.644833	0.296515	0.341005	0.776341	0.477778	0.550793	0.574326	0.340322	0.635607	0.513092	0.653206	0.126309	0.306982	0.551021	0.427474	0.52006	0.682626	0.491902	0.161124	0.362425	0.650531	0.540044	0.808463	0.283188	0.363747	0.354876	0.717064	0.689337	0.489715	0.464536	
