10	40
113.485	103.097
53.2492	110.016
1.79081	145.162
144.145	118.751
90.9736	52.0026
76.5957	16.6195
112.241	42.2733
138.479	93.5006
145.271	154.089
39.2547	70.7281
21.5994
5.52946
16.4189
22.9692
2.20709
3.82353
13.9262
1.50453
19.1505
8.13216
22.4365
17.3171
7.65962
22.1913
4.98786
4.73956
19.9882
20.4104
0.766784
2.3142
3.02453
8.65639
18.7257
6.97345
12.7483
12.2773
19.7815
13.4946
3.89809
24.8905
21.2624
6.05179
20.5878
5.68869
7.79802
1.0795
1.27785
11.0376
10.9189
4.87335
0.416423	0.108156	0.311153	0.597886	0.192995	0.0208387	0.557509	1.10368	0.672305	1.02101	0.862981	1.02382	0.60957	0.83702	0.456612	0.517697	0.290294	1.05336	1.13703	0.169408	0.570052	0.892846	0.775629	0.356405	0.904817	0.847626	0.742564	0.978021	0.119176	0.730947	0.726619	0.569079	0.787103	0.65324	0.144536	0.367943	0.734429	0.645995	1.01043	0.739259	
0.283217	0.126856	0.161163	0.429136	0.105114	0.172533	0.365972	0.935312	0.505374	0.83433	0.684167	0.865669	0.521875	0.651191	0.264191	0.329376	0.204039	0.899061	0.958146	0.220199	0.413356	0.713277	0.582653	0.30101	0.712458	0.68196	0.581251	0.79043	0.079605	0.540974	0.533415	0.526701	0.686729	0.480902	0.259428	0.351745	0.552924	0.460107	0.828827	0.551424	
0.268746	0.468734	0.350804	0.329329	0.389662	0.539113	0.0239173	0.723974	0.215316	0.544364	0.45515	0.699092	0.613825	0.2845	0.110991	0.181366	0.366919	0.742024	0.700972	0.514468	0.370255	0.475924	0.226577	0.528677	0.348016	0.513967	0.454166	0.421057	0.440899	0.260116	0.187846	0.696583	0.711666	0.176064	0.580169	0.605161	0.199852	0.244006	0.567995	0.182682	
0.94602	0.948286	0.667486	0.416444	0.92051	0.952532	0.694982	0.255475	0.910893	0.439052	0.320775	0.133808	0.414895	0.810553	0.70411	0.568899	0.976989	0.124437	0.377794	1.04568	0.414365	0.324318	0.64098	0.640139	0.698207	0.215696	0.266955	0.841445	0.894936	0.492316	0.616833	0.542705	0.274733	0.872115	1.07912	0.678857	0.826159	0.474262	0.359604	0.756483	
0.688492	0.74753	0.480053	0.193246	0.702323	0.773287	0.422739	0.314637	0.632553	0.288664	0.101109	0.258744	0.402079	0.539996	0.447324	0.31671	0.739374	0.299545	0.353294	0.834752	0.228761	0.128711	0.368351	0.529042	0.444957	0.0692975	0.076403	0.589699	0.697739	0.214795	0.339806	0.539399	0.379781	0.593979	0.880061	0.59254	0.548274	0.202348	0.242428	0.47941	
0.602813	0.646139	0.378054	0.0911667	0.602852	0.67121	0.352452	0.416219	0.578182	0.368659	0.185341	0.35181	0.346017	0.521367	0.360466	0.226007	0.644632	0.389472	0.452571	0.734569	0.131912	0.215873	0.35209	0.436665	0.453712	0.163503	0.078411	0.594524	0.596032	0.194836	0.311516	0.475954	0.369866	0.538503	0.778754	0.504053	0.508926	0.136544	0.334804	0.445543	
0.658178	0.893762	0.73534	0.55042	0.814232	0.962216	0.425634	0.591441	0.423068	0.331851	0.418692	0.642708	0.859762	0.198786	0.526721	0.504656	0.779473	0.685916	0.495727	0.935794	0.612022	0.410927	0.212112	0.880989	0.0789149	0.53424	0.560856	0.119665	0.864521	0.330642	0.26549	0.98199	0.874236	0.408549	1.00329	0.958223	0.304174	0.425541	0.40624	0.260799	
0.979236	0.807795	0.595835	0.580005	0.83238	0.759299	0.854877	0.794733	1.0903	0.911779	0.733257	0.672387	0.265707	1.10123	0.795111	0.697551	0.932861	0.667336	0.905916	0.910137	0.522615	0.755819	0.941171	0.429443	1.05203	0.627018	0.562298	1.19035	0.75961	0.790277	0.89349	0.203093	0.275552	1.05201	0.906343	0.395975	1.06056	0.707233	0.846068	1.01078	
0.77721	0.855916	0.591443	0.304453	0.807497	0.884184	0.500709	0.209461	0.689445	0.205845	0.0708789	0.184764	0.49306	0.562652	0.540136	0.415608	0.838174	0.229827	0.241693	0.940805	0.340879	0.0676507	0.398102	0.639062	0.44266	0.0807391	0.177966	0.585136	0.806909	0.266966	0.383695	0.63254	0.436628	0.652858	0.988149	0.700536	0.592074	0.290099	0.142053	0.520272	
0.40618	0.232017	0.0836896	0.365315	0.240375	0.224198	0.408578	0.86732	0.593296	0.802984	0.635114	0.784844	0.39236	0.703291	0.309422	0.316336	0.340916	0.813993	0.907406	0.336125	0.332371	0.665502	0.603526	0.163919	0.736907	0.611055	0.505004	0.834763	0.178566	0.526084	0.550357	0.389544	0.563413	0.562985	0.355755	0.219521	0.617555	0.432559	0.784499	0.600634	
