10	30
154.461	106.179
112.99	107.049
38.2646	148.889
90.9279	38.8562
77.8456	28.1489
22.3941	77.4148
137.765	83.2151
15.8853	55.8634
19.7415	112.345
76.7815	111.546
18.9917
0.0222227
17.7002
21.0397
10.2209
15.9389
27.984
21.5962
25.6977
9.95912
14.3809
26.2645
10.6104
22.183
17.2334
9.22804
8.67216
9.03668
13.5742
22.3832
19.7229
8.62097
7.23064
9.27597
1.29788
6.61525
25.1308
6.42661
22.814
4.90141
0.1359	0.161635	0.358603	0.332512	0.680089	0.482274	0.423609	0.398622	0.188867	0.606555	0.299845	0.359086	0.407728	0.374573	0.0526701	0.470531	0.287963	0.577609	0.588764	0.434932	0.285806	0.353819	0.34113	0.472598	0.234402	0.169336	0.399475	0.355995	0.135529	0.386849	
0.126634	0.0316963	0.482864	0.439167	0.649851	0.607869	0.316834	0.531738	0.296057	0.714728	0.174568	0.484407	0.333992	0.506714	0.179892	0.544584	0.353181	0.589818	0.541776	0.402216	0.281153	0.470622	0.47179	0.547867	0.180455	0.262849	0.302006	0.3398	0.263716	0.437536	
0.688281	0.734426	0.400911	0.309443	0.89375	0.379408	0.993257	0.267925	0.421121	0.57211	0.841997	0.221018	0.827425	0.303526	0.54486	0.408873	0.644469	0.686518	0.882435	0.749034	0.630555	0.455301	0.34199	0.403407	0.784849	0.463576	0.871057	0.836573	0.48254	0.720614	
0.624978	0.510316	0.866069	0.564605	0.167125	0.974005	0.70972	0.84274	0.520686	1.13591	0.405211	0.681704	0.179613	0.836893	0.597541	0.481626	0.835324	0.266397	0.0419024	0.125087	0.279387	0.879605	0.821433	0.48781	0.672759	0.483755	0.255168	0.836829	0.662119	0.929392	
0.221287	0.276103	0.259052	0.262008	0.725512	0.378499	0.525038	0.284555	0.140382	0.52267	0.411836	0.258491	0.492069	0.262106	0.076523	0.431082	0.274251	0.592113	0.649186	0.491637	0.335875	0.265989	0.231388	0.43171	0.320165	0.150522	0.497138	0.405661	0.0535579	0.376627	
0.722449	0.731385	0.544339	0.2607	0.726232	0.56006	1.01227	0.42055	0.405118	0.761037	0.802698	0.263641	0.731954	0.449016	0.57799	0.246645	0.745492	0.512331	0.738172	0.626917	0.543015	0.595589	0.47643	0.240465	0.8227	0.437003	0.792071	0.911062	0.542104	0.836415	
0.270265	0.18842	0.51577	0.336479	0.504095	0.633493	0.466041	0.523276	0.216063	0.777057	0.216061	0.416493	0.235289	0.507892	0.228185	0.39957	0.466003	0.42665	0.408896	0.256658	0.118535	0.520834	0.48301	0.403668	0.342776	0.172362	0.247639	0.496658	0.298999	0.562294	
0.159127	0.269357	0.243276	0.395689	0.833231	0.367179	0.45267	0.327796	0.276265	0.461404	0.427599	0.371686	0.562328	0.294893	0.110796	0.567764	0.140649	0.717056	0.744715	0.589995	0.438247	0.221162	0.253419	0.568397	0.237015	0.280065	0.547389	0.280581	0.0907074	0.243242	
0.316888	0.302599	0.696641	0.766638	0.894798	0.814212	0.0192352	0.788483	0.621975	0.848057	0.326459	0.793931	0.550346	0.755879	0.460867	0.877059	0.458135	0.888557	0.769914	0.668299	0.589535	0.661755	0.714309	0.880497	0.224213	0.59305	0.475388	0.277263	0.525217	0.477199	
0.795763	0.771803	0.706369	0.344917	0.585392	0.74229	1.05762	0.59475	0.47452	0.944566	0.803995	0.409013	0.679256	0.617829	0.662401	0.19825	0.869528	0.375191	0.626989	0.551452	0.517934	0.753203	0.637554	0.194358	0.893055	0.490909	0.753348	1.00761	0.650137	0.96765	
