10	20
128.463	78.5429
105.577	107.655
100.979	30.1596
152.615	129.826
96.5194	38.0839
9.48464	49.2764
122.955	89.9276
49.1072	140
162.891	105.511
113.2	54.8815
23.3867
4.53841
22.7531
14.0672
6.22537
17.2705
13.877
22.0313
22.2497
4.8237
4.51684
4.35517
12.2489
8.3175
20.5631
17.2994
12.6185
11.1441
13.3769
18.9574
0.402822	0.316905	0.486642	0.42125	0.344012	0.806792	0.42259	0.334872	0.432108	0.622781	0.5126	0.350828	0.753986	0.511592	0.456017	0.473184	0.372524	0.153474	0.298801	0.300436	
0.622458	0.512596	0.462523	0.624503	0.142382	1.049	0.613025	0.40474	0.517557	0.800438	0.751985	0.48798	1.00179	0.508123	0.283464	0.743355	0.134338	0.122785	0.522973	0.505905	
0.803585	0.808968	0.591446	0.849218	0.960526	0.269984	0.231783	0.482405	0.406186	0.100393	0.184176	0.902246	0.262787	0.55508	0.811249	0.371994	0.858115	0.746011	0.341984	0.78536	
0.360733	0.396142	0.710055	0.408291	0.734006	0.489612	0.369166	0.530499	0.553154	0.502345	0.269836	0.502748	0.427136	0.705912	0.79999	0.103599	0.757064	0.551729	0.275695	0.374429	
0.855818	0.86923	0.665927	0.90239	1.03942	0.213286	0.312188	0.562369	0.483037	0.162244	0.233471	0.965674	0.223126	0.627574	0.890397	0.407808	0.938848	0.824942	0.417523	0.845766	
0.964524	0.87794	0.157277	0.983907	0.587939	1.01256	0.562915	0.315519	0.346144	0.661811	0.760385	0.892675	0.988787	0.196431	0.185793	0.858884	0.343783	0.483321	0.577752	0.862606	
1.09709	1.04046	0.286	1.12927	0.890607	0.83764	0.494253	0.403384	0.320848	0.472473	0.670181	1.08869	0.835647	0.241496	0.529514	0.831018	0.669229	0.727551	0.589448	1.01999	
0.237061	0.163013	0.642576	0.258557	0.433498	0.789581	0.489601	0.477715	0.56017	0.682644	0.516128	0.231081	0.730396	0.662281	0.620632	0.415972	0.524804	0.296698	0.352288	0.14267	
0.510223	0.406635	0.457386	0.518161	0.215221	0.93466	0.516653	0.350876	0.462697	0.712059	0.637663	0.40301	0.884923	0.494636	0.351292	0.616509	0.237974	0.0102505	0.411937	0.396407	
0.805276	0.710709	0.223562	0.819885	0.403306	0.994716	0.531143	0.267224	0.353634	0.678504	0.714775	0.715461	0.960298	0.275106	0.0655418	0.773995	0.167414	0.302627	0.500651	0.697458	
