10	50
50.052	110.122
71.4134	109.561
24.9362	117.784
63.2472	57.6386
67.2438	44.1747
49.6142	104.437
22.243	136.071
3.51128	96.9318
89.6613	157.171
48.856	156.299
19.2601
3.11034
5.86332
11.0767
7.47428
6.08023
4.83809
9.5537
2.51579
19.242
19.2288
19.1458
13.7033
15.1809
10.1476
3.07507
9.03412
2.03503
17.5055
15.9741
12.3531
19.9644
3.04355
9.04278
1.66279
5.98047
19.9819
10.5379
17.7164
17.379
3.8237
6.38152
12.6998
8.86465
13.5982
13.1204
11.6086
8.79944
9.84385
10.9219
3.0939
9.81774
11.1849
8.06454
16.0583
11.2111
17.4703
2.09418
15.3467
19.3842
0.768437	0.68632	0.565517	0.432148	0.535525	0.67923	0.895954	0.967465	0.961978	1.08502	0.482274	1.09773	0.683131	0.418002	0.457623	0.823911	0.992524	0.811206	1.15911	0.864722	0.703468	0.484249	0.928002	0.232786	0.506547	1.22318	0.43836	0.885138	1.13644	0.627967	0.572773	0.627603	0.912405	0.75774	0.915015	0.942816	0.174064	0.703926	0.77474	0.660547	0.963325	0.969778	0.379971	0.951832	0.505811	0.708187	0.842905	0.272607	0.245123	0.918523	
0.331926	0.519591	0.348391	0.376592	0.19717	0.535209	0.907633	0.654347	0.882906	0.59061	0.830874	0.810976	0.769047	0.398151	0.806012	0.90284	0.57526	0.671236	0.715501	0.18114	0.0555169	0.287902	0.460268	0.581572	0.631828	0.711957	0.306498	0.257847	0.570775	0.667169	0.388504	0.117634	0.860595	0.819937	0.290972	0.236525	0.564228	0.371178	0.944119	0.483379	0.861719	0.558785	0.595922	0.243947	0.699895	0.45131	1.00109	0.437433	0.482436	0.213208	
0.775991	0.687032	0.571892	0.439509	0.548868	0.679323	0.887437	0.968515	0.955694	1.09081	0.467759	1.0968	0.674936	0.424559	0.443658	0.81399	0.996591	0.808683	1.16275	0.882232	0.720453	0.49473	0.934278	0.232306	0.501115	1.22874	0.449825	0.896803	1.14435	0.622603	0.577594	0.645287	0.905749	0.749208	0.926342	0.95923	0.181073	0.709696	0.762402	0.66226	0.95774	0.973866	0.375732	0.967997	0.497374	0.71142	0.830246	0.287511	0.26517	0.933545	
0.0881186	0.32167	0.291049	0.416009	0.350011	0.342034	0.670388	0.336673	0.613956	0.270113	0.765787	0.487353	0.597961	0.432937	0.748767	0.69487	0.243012	0.420542	0.386694	0.433322	0.387995	0.365708	0.127661	0.644785	0.539415	0.403608	0.415641	0.140386	0.292084	0.510656	0.301938	0.434615	0.605707	0.623148	0.139935	0.398088	0.673509	0.177272	0.767623	0.304295	0.587464	0.227589	0.575381	0.388236	0.609121	0.239792	0.809344	0.593132	0.680083	0.312501	
0.538618	0.602281	0.717667	0.852145	0.836652	0.614895	0.695929	0.332803	0.581625	0.226705	1.03537	0.296558	0.774361	0.862406	1.03052	0.773456	0.284338	0.542176	0.116734	0.869908	0.870909	0.830209	0.373316	1.04956	0.837813	0.129199	0.881283	0.568625	0.283177	0.742766	0.70415	0.926018	0.614745	0.747508	0.539798	0.79548	1.10278	0.579149	0.882106	0.620425	0.551861	0.307033	0.931377	0.779248	0.887738	0.567701	0.885946	1.05356	1.1506	0.716574	
0.188739	0.0803701	0.220976	0.343241	0.400988	0.0986658	0.422068	0.221414	0.385405	0.368051	0.544934	0.369053	0.344083	0.348389	0.53312	0.439076	0.254254	0.175528	0.41443	0.646333	0.549202	0.351947	0.23814	0.521128	0.32526	0.497139	0.397767	0.392449	0.459397	0.265026	0.19252	0.561641	0.366088	0.366341	0.396438	0.635016	0.579367	0.126605	0.511205	0.0909982	0.364025	0.232564	0.403862	0.628217	0.387235	0.053503	0.552657	0.551013	0.654718	0.553772	
0.183578	0.217147	0.322227	0.455229	0.468887	0.233975	0.485803	0.139961	0.416934	0.231103	0.67895	0.297556	0.457818	0.464363	0.668375	0.524922	0.117787	0.242767	0.282693	0.633813	0.569481	0.44327	0.122196	0.651289	0.462118	0.359654	0.493229	0.340765	0.329333	0.391945	0.30557	0.600711	0.414676	0.464059	0.333183	0.600609	0.703659	0.188129	0.612143	0.22672	0.389043	0.0955376	0.540278	0.590375	0.522267	0.16907	0.643519	0.659915	0.76011	0.514717	
0.123413	0.139441	0.113903	0.247863	0.279227	0.157155	0.526116	0.328283	0.502303	0.411018	0.555079	0.483053	0.409301	0.258504	0.53775	0.528568	0.319955	0.289791	0.487584	0.540943	0.432078	0.237854	0.256584	0.456751	0.328896	0.548617	0.286623	0.323796	0.476078	0.313471	0.103036	0.440229	0.478234	0.448712	0.337213	0.542196	0.501086	0.0341999	0.584531	0.107813	0.482745	0.297259	0.368797	0.537777	0.39917	0.0706546	0.634635	0.451544	0.551952	0.466379	
0.520395	0.286764	0.385702	0.387832	0.557138	0.266793	0.310245	0.506835	0.385824	0.720787	0.196723	0.586602	0.0981298	0.372039	0.195226	0.242091	0.598242	0.298127	0.735156	0.90934	0.769411	0.465194	0.602021	0.374624	0.111187	0.838079	0.477693	0.724266	0.82112	0.100583	0.348221	0.743304	0.334097	0.172012	0.736766	0.929586	0.462256	0.43128	0.227336	0.299843	0.393247	0.579603	0.224541	0.927588	0.079952	0.365398	0.294332	0.525825	0.621228	0.859877	
0.158377	0.386754	0.359817	0.482044	0.401016	0.407128	0.721369	0.361314	0.656896	0.239868	0.835346	0.502055	0.661183	0.499646	0.818586	0.75155	0.247081	0.472915	0.367241	0.422343	0.404485	0.426742	0.133525	0.712357	0.608937	0.363589	0.47553	0.112305	0.235987	0.576491	0.371951	0.461319	0.653075	0.682547	0.0956259	0.371348	0.738245	0.247144	0.828477	0.371788	0.629011	0.237171	0.64551	0.359079	0.678348	0.306028	0.867631	0.652488	0.735638	0.284936	
