15	20
177.337	146.095
96.6819	86.5355
175.443	96.0653
122.034	86.9412
123.309	138.364
51.1702	159.51
104.32	24.7394
160.951	77.1653
156.446	98.34
177.59	118.226
37.7883	26.3402
160.527	11.5646
44.1056	103.009
66.2803	144.531
154.711	41.7744
9.1077
35.9548
32.6425
37.9027
19.1592
34.2787
7.66681
3.23652
35.0798
23.8678
38.6157
0.810646
20.4671
35.9922
16.8348
37.3519
13.6473
33.8675
16.1068
0.476766
0.400894	0.802464	0.233002	0.344576	0.38193	0.581473	0.977165	0.946323	0.682795	0.68896	0.922335	0.957183	0.452137	0.0932378	0.636059	0.531624	0.886575	0.145103	0.859339	0.635807	
0.870111	0.347124	0.493938	0.467287	0.596004	0.923371	0.581404	1.04073	1.03653	0.136032	0.3647	0.664919	0.342134	0.641231	0.0908557	0.214275	0.204961	0.581778	0.147338	0.504699	
0.64259	0.499661	0.819812	0.625464	0.529444	0.501966	0.374539	0.274324	0.535154	0.683503	0.583597	0.246566	0.621895	0.83724	0.791922	0.705133	0.754348	0.840554	0.806408	0.346161	
0.475457	0.502377	0.687583	0.496848	0.380341	0.344077	0.456538	0.266236	0.396183	0.641391	0.613752	0.34852	0.521202	0.687151	0.731258	0.625579	0.753554	0.697429	0.793203	0.271295	
0.738192	0.392265	0.824364	0.633079	0.571167	0.622561	0.225834	0.427001	0.67182	0.600713	0.453366	0.0955531	0.597543	0.868971	0.720683	0.654899	0.638108	0.860476	0.697214	0.327842	
0.472174	0.324383	0.328248	0.146672	0.193062	0.504823	0.488046	0.668231	0.617787	0.305703	0.454368	0.482845	0.114323	0.399338	0.351695	0.229044	0.484997	0.37542	0.491677	0.170897	
0.317949	0.874677	0.782308	0.649179	0.495794	0.155633	0.868537	0.364998	0.0377639	0.951131	0.999886	0.761197	0.744092	0.698292	1.00227	0.874553	1.10574	0.74336	1.12899	0.606301	
0.786123	0.0517448	0.583994	0.453353	0.513499	0.777374	0.287364	0.795927	0.876401	0.178337	0.132201	0.370216	0.338464	0.696994	0.30791	0.302219	0.210479	0.656358	0.257889	0.299098	
0.411765	0.374471	0.469661	0.275546	0.195027	0.378	0.445773	0.4884	0.478848	0.448195	0.505929	0.393528	0.293637	0.494671	0.51968	0.40481	0.596401	0.492278	0.620748	0.104927	
0.512331	0.705467	0.843839	0.664	0.525003	0.329402	0.627403	0.0812131	0.313603	0.847196	0.810829	0.503963	0.710166	0.813354	0.933431	0.822771	0.958505	0.837016	0.999448	0.476162	
0.484735	0.903027	0.918393	0.76399	0.61102	0.299993	0.848384	0.241779	0.206666	1.01695	1.0173	0.727469	0.840103	0.851242	1.08636	0.964908	1.14957	0.890087	1.18304	0.65061	
0.741773	0.0489685	0.556462	0.41685	0.470455	0.731939	0.284061	0.757533	0.831228	0.185309	0.169793	0.352331	0.307268	0.663793	0.312407	0.287282	0.25165	0.625771	0.293468	0.254074	
0.932164	0.282406	0.605707	0.544528	0.652706	0.959721	0.49396	1.02305	1.06735	0.159566	0.255715	0.594883	0.414371	0.746807	0.212167	0.305505	0.0703625	0.691451	0.0297344	0.503178	
0.916636	0.213779	0.813884	0.657453	0.672963	0.856638	0.102237	0.749354	0.933903	0.425163	0.168542	0.232531	0.562334	0.909935	0.553912	0.549093	0.367901	0.878035	0.439139	0.404141	
0.478529	0.29791	0.384808	0.198204	0.207382	0.488521	0.440367	0.620636	0.597411	0.320849	0.431057	0.427816	0.168349	0.447949	0.384983	0.27039	0.485655	0.428265	0.50093	0.112925	
