10	40
162.834	73.2685
161.559	94.7731
148.98	104.742
91.4491	44.9123
154.132	142.469
67.9928	139.619
135.733	15.0337
56.1965	23.9285
157.196	57.059
5.46712	146.233
11.2333
0.632621
4.24175
11.991
12.8053
9.523
6.2947
12.3353
3.52458
6.5417
5.43113
7.73325
2.68218
3.4539
1.50899
9.40575
0.760368
3.18065
11.5951
5.62189
2.14109
5.36212
1.76729
3.68732
0.358878
1.64447
10.0901
12.1079
9.07581
12.0375
5.43348
14.9315
8.92259
5.85824
12.4633
9.55804
15.5828
15.28
2.02932
1.85076
0.398982	0.494871	0.719314	0.56114	0.715033	0.137777	0.622176	0.456859	1.03435	0.624828	0.266265	0.389904	0.647619	0.122135	0.951526	0.594995	0.223985	0.42161	1.00621	0.883068	0.624085	0.78021	0.555184	0.588296	0.791763	0.513329	0.199571	0.229475	0.557416	0.593435	0.638533	0.431781	1.00081	0.278808	0.748104	0.841166	0.193199	0.781874	0.454826	0.201453	
0.499576	0.573183	0.644916	0.489813	0.775476	0.239836	0.499974	0.496564	0.971806	0.654179	0.152188	0.486622	0.552662	0.173001	0.98862	0.482363	0.313652	0.523385	0.934745	0.911308	0.608955	0.788583	0.505826	0.582911	0.805234	0.597821	0.141825	0.132029	0.436665	0.56739	0.650925	0.368139	0.92603	0.396347	0.801186	0.78445	0.280692	0.723	0.479039	0.317489	
0.721777	0.61354	0.270189	0.296533	0.568388	0.698373	0.810501	0.433532	0.353869	0.360421	0.772053	0.696056	0.420272	0.633067	0.539818	0.574626	0.654194	0.736499	0.379371	0.439367	0.151678	0.263784	0.218292	0.208401	0.299793	0.6544	0.571442	0.599413	0.686676	0.154717	0.269925	0.362435	0.39614	0.801215	0.533737	0.18023	0.652806	0.169971	0.380325	0.762428	
0.413477	0.25702	0.701972	0.628218	0.0915816	0.570554	1.07977	0.242396	0.816102	0.129634	0.868287	0.396703	0.794137	0.576164	0.266779	0.893445	0.484941	0.412976	0.854192	0.225783	0.356722	0.255605	0.521291	0.312076	0.232542	0.278191	0.627804	0.695577	0.960824	0.411364	0.212714	0.580683	0.872535	0.566334	0.0708551	0.657052	0.507905	0.639423	0.27423	0.577349	
0.262448	0.153997	0.614936	0.500181	0.264298	0.351051	0.88962	0.0384798	0.817879	0.174859	0.648939	0.237965	0.662939	0.351251	0.485469	0.729451	0.269674	0.274273	0.832113	0.42345	0.313941	0.360564	0.408732	0.256809	0.359377	0.196587	0.411512	0.482341	0.776997	0.33745	0.229721	0.416146	0.842552	0.379168	0.28627	0.630961	0.288698	0.59362	0.10097	0.371682	
0.605555	0.538355	0.230822	0.12872	0.583136	0.518239	0.626807	0.347796	0.496828	0.37074	0.553925	0.57961	0.29405	0.439479	0.655803	0.409021	0.492997	0.625125	0.483483	0.557022	0.171439	0.386175	0.0227271	0.193491	0.416962	0.580963	0.35873	0.381825	0.501869	0.106568	0.300772	0.145115	0.485858	0.646428	0.569269	0.300525	0.483414	0.245025	0.285139	0.594052	
0.564462	0.572062	0.401824	0.247268	0.713921	0.366041	0.433238	0.424029	0.729987	0.539473	0.276563	0.542869	0.322681	0.267191	0.867783	0.303164	0.390806	0.588622	0.691642	0.777389	0.420908	0.626404	0.278635	0.412827	0.650685	0.608689	0.129169	0.112673	0.323143	0.366225	0.505147	0.13408	0.683116	0.529314	0.722037	0.545736	0.365051	0.48363	0.378948	0.456323	
0.328492	0.185166	0.827642	0.734761	0.0797039	0.543665	1.14459	0.28891	0.966586	0.261303	0.890203	0.320029	0.900785	0.575796	0.363149	0.980407	0.45484	0.319625	1.00049	0.35654	0.488989	0.410769	0.63333	0.437611	0.387273	0.181871	0.659354	0.731898	1.0318	0.535614	0.351587	0.665271	1.01718	0.494843	0.139107	0.800859	0.48405	0.777923	0.343074	0.525969	
0.894928	0.783444	0.28883	0.391151	0.715968	0.864922	0.871169	0.606271	0.190945	0.519599	0.896625	0.869256	0.45954	0.794173	0.631002	0.628785	0.824829	0.909385	0.24117	0.537614	0.324795	0.382766	0.351244	0.381076	0.416112	0.823631	0.717895	0.735042	0.753597	0.323124	0.430484	0.491752	0.266894	0.97323	0.674245	0.108339	0.821894	0.160968	0.553674	0.932188	
0.190828	0.0341234	0.755358	0.640664	0.207813	0.385119	1.00848	0.179417	0.945205	0.253028	0.736991	0.1755	0.802503	0.419369	0.483449	0.861846	0.296272	0.190244	0.964939	0.448498	0.443367	0.44023	0.549664	0.38649	0.428319	0.0647256	0.511928	0.58542	0.900606	0.473913	0.333657	0.551865	0.976948	0.348948	0.25498	0.763093	0.325447	0.729105	0.241963	0.3715	
