10	40
148.974	88.4912
85.2827	152.58
175.764	128.669
129.684	100.963
9.33427	112.981
59.6638	39.9424
143.113	98.4253
0.885466	97.5312
170.2	153.347
59.268	25.8805
2.82409
3.02823
11.2947
20.9358
14.8633
15.9553
21.7561
16.6214
14.8534
21.2198
22.3221
8.46327
19.9787
18.3789
5.79045
6.08059
8.84687
13.4608
19.3229
13.807
21.3308
12.7173
9.6376
1.15776
7.27716
20.0169
4.63612
19.7841
16.1029
19.7832
2.41092
14.0086
18.994
1.51713
16.6268
2.63956
12.4712
3.4706
1.26223
13.7571
0.390406	0.251594	0.687592	0.393524	0.664326	0.837758	1.11675	0.599072	0.919243	0.222403	1.00319	1.09331	0.770618	0.877729	0.954012	0.319223	0.803357	0.52158	0.257952	0.711698	0.639539	0.667131	0.584735	0.553041	0.964962	0.261029	0.468265	0.64171	0.209268	0.708589	0.929148	0.448086	0.494075	0.412764	0.778895	0.930508	0.268456	0.493378	0.146282	0.474368	
0.655124	0.754238	0.705542	0.642261	0.672536	0.445142	0.208337	0.417488	0.561737	0.91507	0.367709	0.174543	0.526893	0.241154	0.117721	0.651764	0.155859	0.426556	0.675772	0.25991	0.463749	0.423605	0.385433	0.410618	0.0382096	0.793662	0.516411	0.377663	0.777216	0.249726	0.169931	0.497275	0.459414	0.752329	0.38463	0.179007	0.701881	0.437874	0.90602	0.574516	
0.0545725	0.173526	0.271304	0.0646966	0.776306	0.801877	0.81585	0.543686	0.499521	0.282226	0.622585	0.850526	0.353539	0.736359	0.651934	0.155514	0.522024	0.275516	0.323712	0.416842	0.627436	0.29153	0.293237	0.463821	0.70085	0.172617	0.460785	0.564864	0.216198	0.426414	0.748997	0.234889	0.244479	0.612885	0.396576	0.754246	0.412239	0.349899	0.314446	0.101535	
0.438013	0.527867	0.555898	0.424574	0.558315	0.424058	0.416783	0.262693	0.5116	0.689574	0.415094	0.398616	0.419467	0.288153	0.261427	0.424998	0.113892	0.201238	0.451029	0.0998721	0.34075	0.269541	0.174355	0.219764	0.261895	0.569218	0.320753	0.24076	0.549407	0.0773503	0.284691	0.269729	0.234645	0.569637	0.2941	0.290632	0.485648	0.21402	0.677961	0.366306	
0.0564124	0.104907	0.376006	0.0527123	0.675109	0.723771	0.817948	0.461353	0.575861	0.259157	0.664369	0.830288	0.426773	0.681738	0.652102	0.0462118	0.509889	0.232282	0.21438	0.407182	0.540069	0.325999	0.274836	0.384661	0.686005	0.136977	0.365228	0.488172	0.140875	0.41114	0.706	0.169904	0.19884	0.503878	0.437625	0.71018	0.302905	0.275828	0.263943	0.12904	
0.706977	0.745044	0.8937	0.693268	0.34382	0.0855665	0.547002	0.231554	0.851296	0.899836	0.707745	0.413049	0.76647	0.125537	0.472952	0.651116	0.404578	0.479976	0.582026	0.445946	0.195924	0.613953	0.493301	0.297534	0.391833	0.795858	0.36028	0.194625	0.74879	0.423599	0.212499	0.516333	0.507767	0.510741	0.637789	0.205927	0.560082	0.404043	0.861541	0.662777	
0.334074	0.338389	0.607162	0.322047	0.393486	0.442142	0.715014	0.180921	0.700922	0.489014	0.684431	0.668656	0.565857	0.447117	0.562597	0.254181	0.413541	0.200496	0.175545	0.348876	0.250363	0.407306	0.266122	0.121525	0.552037	0.390426	0.0746788	0.217735	0.33823	0.33612	0.497427	0.172469	0.201388	0.292809	0.497102	0.498649	0.186655	0.0985022	0.450376	0.329104	
0.779772	0.846364	0.903319	0.765953	0.533074	0.255125	0.387391	0.375148	0.79773	1.00744	0.611248	0.233497	0.74394	0.0907505	0.360245	0.745512	0.355191	0.539433	0.712788	0.435336	0.370736	0.613897	0.527322	0.415735	0.261754	0.893663	0.504191	0.330191	0.858392	0.416358	0.0780651	0.594818	0.571887	0.689487	0.603582	0.0695718	0.708431	0.497644	0.980433	0.716653	
0.165211	0.0548885	0.479887	0.165901	0.639789	0.734587	0.907439	0.473441	0.691135	0.197293	0.773964	0.903658	0.542072	0.724666	0.742275	0.0899697	0.594792	0.309433	0.15064	0.496702	0.53994	0.436788	0.3655	0.406296	0.765502	0.105063	0.356404	0.508137	0.0464628	0.496935	0.760835	0.23677	0.27836	0.436038	0.54863	0.76386	0.231368	0.314686	0.172586	0.244016	
0.596778	0.590403	0.854673	0.584605	0.156547	0.229854	0.73866	0.141758	0.896852	0.727865	0.816474	0.633799	0.779493	0.349039	0.623489	0.514894	0.504561	0.424554	0.396517	0.492395	0.0686329	0.61553	0.471119	0.211333	0.569697	0.642794	0.189051	0.163966	0.581995	0.471772	0.430588	0.424178	0.439222	0.263315	0.67919	0.426872	0.3486	0.315749	0.67603	0.584491	
