15	50
86.8936	39.4746
63.7724	56.5109
33.8334	54.9329
15.8859	11.5773
14.5948	48.3867
2.65649	133.324
46.6615	75.2989
70.5231	159.345
70.9222	16.4421
16.4268	101.799
80.8202	156.987
41.8599	55.569
59.0671	47.7738
57.5466	32.4978
86.5224	75.2957
2.55078
10.9949
14.9598
12.2061
8.41312
7.11998
15.1117
6.05732
12.5978
14.169
11.6743
3.57361
1.79848
3.15373
1.94252
0.0171051
6.63599
3.83594
0.253093
9.37423
4.09756
3.42456
6.41572
12.7177
11.6527
7.14028
2.94694
12.9432
2.30644
2.15636
1.53782
10.9127
5.23367
7.32501
5.2088
15.7554
8.07532
11.0485
1.09079
9.9178
8.03082
2.09099
12.4088
15.3967
3.41956
3.28754
14.2756
0.344733
1.23265
6.23715
0.331735	0.994007	0.672564	0.474598	0.845663	0.542978	0.891224	0.606696	0.783929	0.0641507	0.961726	0.737504	0.699941	0.835964	0.965037	0.437494	0.782089	0.717381	0.617129	0.408064	0.740428	0.19089	0.548756	0.599833	0.919386	0.541014	0.279111	0.703429	0.923127	0.299359	0.67565	0.155961	0.66472	0.28417	0.890024	0.460253	0.416612	0.854098	0.181012	0.41712	0.124588	0.586829	0.740481	0.753736	0.571386	0.357599	0.771918	0.274783	0.872904	0.958305	
0.312788	0.489862	0.42397	0.19295	0.309461	0.227525	0.465173	0.429211	0.663018	0.521235	0.644995	0.253578	0.558033	0.275781	0.601243	0.133372	0.253103	0.681733	0.52277	0.259823	0.29307	0.485466	0.240038	0.812079	0.432511	0.625194	0.360458	0.818329	0.622869	0.270006	0.623253	0.551678	0.172432	0.476262	0.327882	0.300438	0.376357	0.345986	0.461559	0.569071	0.469958	0.2594	0.504528	0.366235	0.554829	0.222485	0.366595	0.516246	0.312401	0.570297	
0.343356	1.06716	0.765945	0.55148	0.878636	0.556698	0.974388	0.702577	0.884809	0.0989223	1.05572	0.761309	0.799423	0.880647	1.05547	0.483115	0.814679	0.819071	0.717067	0.491548	0.817672	0.164137	0.631071	0.693548	0.936425	0.642376	0.286098	0.801765	1.01777	0.344402	0.777105	0.255812	0.733219	0.246536	0.941719	0.460695	0.40096	0.878599	0.280204	0.51847	0.220345	0.595839	0.836238	0.838041	0.672717	0.42676	0.854876	0.22361	0.926778	1.04646	
0.402715	0.681126	0.749621	0.516465	0.233415	0.191644	0.729591	0.759094	0.991471	0.674519	0.939047	0.115163	0.887223	0.318706	0.880891	0.356079	0.196537	1.01145	0.852429	0.569394	0.578108	0.579534	0.569924	1.12031	0.203353	0.94398	0.458134	1.14069	0.923852	0.456115	0.952904	0.784418	0.464818	0.516639	0.408671	0.282095	0.354974	0.18212	0.703472	0.872297	0.685733	0.147022	0.827346	0.665517	0.881093	0.493672	0.658316	0.554852	0.417188	0.84178	
0.273663	0.626075	0.614238	0.364905	0.270498	0.0718033	0.637274	0.615062	0.851235	0.539647	0.83028	0.144749	0.745477	0.307166	0.781133	0.197662	0.208478	0.863429	0.704621	0.412903	0.471534	0.460475	0.426968	0.962174	0.324386	0.787835	0.331121	0.98539	0.810194	0.305599	0.804763	0.632477	0.351057	0.415171	0.391138	0.182757	0.268817	0.261976	0.549207	0.714034	0.53581	0.0755029	0.695212	0.551599	0.728554	0.335224	0.549088	0.456122	0.388855	0.746663	
0.208809	0.593566	0.480914	0.213421	0.36942	0.163103	0.559729	0.469967	0.708303	0.431614	0.725836	0.277576	0.601706	0.359672	0.68887	0.0426662	0.30683	0.711384	0.553729	0.252997	0.386035	0.38498	0.288264	0.801197	0.465128	0.627705	0.25777	0.825799	0.700255	0.179426	0.652862	0.489376	0.268965	0.372241	0.422496	0.207594	0.277089	0.387948	0.402076	0.553155	0.398714	0.207404	0.564451	0.450306	0.572016	0.175886	0.454353	0.412368	0.409665	0.661123	
0.634334	0.345053	0.093605	0.286663	0.586849	0.619536	0.183401	0.168492	0.313402	0.717364	0.261122	0.606767	0.230346	0.490475	0.242246	0.46585	0.561352	0.378795	0.254376	0.325712	0.151112	0.748913	0.196422	0.632125	0.744024	0.432943	0.659446	0.571526	0.232884	0.536681	0.331185	0.626384	0.243428	0.781245	0.458996	0.674072	0.73455	0.653886	0.553622	0.463578	0.602016	0.653409	0.13277	0.0680358	0.328399	0.414904	0.092736	0.81383	0.431211	0.23224	
0.47857	1.0154	0.636843	0.508503	0.947373	0.677308	0.886774	0.561273	0.693494	0.2378	0.91463	0.854279	0.626336	0.919648	0.933233	0.537201	0.885863	0.609616	0.542483	0.429341	0.758191	0.36585	0.561343	0.439064	1.04096	0.422804	0.43338	0.556967	0.873725	0.413565	0.578168	0.0936727	0.70768	0.459047	0.960075	0.609906	0.579031	0.967359	0.184079	0.30496	0.183281	0.72455	0.690225	0.749848	0.480429	0.422668	0.771717	0.451962	0.939317	0.935301	
0.65655	0.756994	0.318774	0.412927	0.895747	0.767251	0.588808	0.245686	0.272767	0.567684	0.535658	0.859399	0.232163	0.823823	0.577875	0.579475	0.849251	0.183061	0.163882	0.357244	0.532126	0.663594	0.387972	0.224088	1.03501	0.0215741	0.645494	0.215652	0.493991	0.544287	0.155887	0.386985	0.554462	0.737706	0.823258	0.760833	0.779396	0.945645	0.371907	0.123369	0.434373	0.814868	0.329332	0.475988	0.0850789	0.448236	0.501617	0.752718	0.796402	0.59549	
0.183138	0.857958	0.584091	0.346614	0.684825	0.386913	0.772278	0.530193	0.738765	0.11468	0.872231	0.577263	0.642744	0.677342	0.863643	0.27825	0.621217	0.692885	0.56589	0.295823	0.611111	0.137526	0.430683	0.648429	0.760275	0.539191	0.140744	0.725697	0.83647	0.139125	0.642767	0.223611	0.523155	0.20746	0.734513	0.314475	0.289002	0.693603	0.171278	0.422958	0.12343	0.432604	0.660766	0.638034	0.539143	0.21842	0.653165	0.222845	0.718609	0.850636	
0.560677	0.509056	0.0895872	0.227691	0.662271	0.603409	0.352421	0.0296688	0.267971	0.586844	0.376178	0.647743	0.16134	0.580942	0.386347	0.423401	0.622791	0.281709	0.124527	0.222119	0.276609	0.639814	0.161551	0.479535	0.810543	0.277076	0.572433	0.442636	0.337552	0.450729	0.223878	0.470692	0.30997	0.688123	0.572098	0.630687	0.674931	0.719525	0.406613	0.294803	0.461314	0.645609	0.156654	0.22626	0.178751	0.327933	0.251566	0.715429	0.544808	0.388369	
0.468251	0.350277	0.262727	0.172761	0.392881	0.414085	0.28548	0.293007	0.507402	0.618346	0.458654	0.395738	0.408384	0.310177	0.415385	0.285314	0.35802	0.547235	0.394527	0.250435	0.111887	0.616049	0.133184	0.737304	0.544823	0.536892	0.505462	0.712978	0.437579	0.39168	0.491273	0.587692	0.039096	0.627609	0.309796	0.48168	0.551622	0.453659	0.500399	0.517061	0.530686	0.444332	0.335495	0.179749	0.446747	0.290144	0.180457	0.664781	0.283857	0.386227	
0.653624	0.23945	0.520122	0.465165	0.234198	0.498984	0.351928	0.574761	0.747139	0.869635	0.579022	0.340758	0.665269	0.135103	0.502537	0.482444	0.257257	0.813131	0.674823	0.546229	0.288279	0.833207	0.438762	1.03646	0.379389	0.834267	0.705351	0.997818	0.579863	0.619528	0.762618	0.876893	0.270413	0.814942	0.0463032	0.60437	0.689809	0.308153	0.787006	0.822408	0.806588	0.499187	0.566662	0.369365	0.737721	0.554492	0.347907	0.855956	0.0405417	0.456094	
0.645233	0.557559	0.120977	0.322648	0.754701	0.6991	0.386392	0.0701323	0.175877	0.641972	0.349836	0.744298	0.0722847	0.669792	0.380968	0.517062	0.717226	0.185897	0.0403817	0.306378	0.349463	0.708173	0.258756	0.418835	0.904876	0.223101	0.65212	0.360912	0.308327	0.533002	0.129368	0.50144	0.400363	0.763736	0.65429	0.722206	0.762342	0.813731	0.451093	0.280828	0.510584	0.741896	0.129951	0.281009	0.118003	0.413158	0.306365	0.788301	0.626629	0.394779	
0.823145	0.667469	0.278138	0.510279	0.930565	0.886798	0.487264	0.256539	0.0562377	0.784759	0.35416	0.928605	0.13073	0.839974	0.419112	0.70367	0.897028	0.0600659	0.172729	0.487967	0.505122	0.866644	0.44565	0.371556	1.08392	0.244028	0.824727	0.25735	0.316618	0.709573	0.0879742	0.616946	0.576203	0.930503	0.813812	0.906692	0.942642	0.992763	0.587675	0.357898	0.650217	0.929831	0.224886	0.421528	0.192809	0.593814	0.443981	0.951429	0.785998	0.451261	
