15	20
31.3871	144.434
117.371	138.998
57.4619	57.8346
128.963	68.9625
97.0403	113.449
62.4496	124.996
152.534	151.321
114.563	22.3806
31.9216	84.923
60.6267	119.697
45.9674	113.932
78.1485	148.566
22.6412	35.8642
131.705	47.2354
43.5508	142.163
53.5217
4.97596
34.1978
6.85617
35.2624
57.5316
25.8993
81.7594
20.155
33.9461
13.1452
30.4216
4.90587
27.8478
62.098
22.9126
60.3531
78.4346
81.9362
21.2174
1.00583	0.663871	0.523824	0.620755	0.907804	0.524194	0.821545	0.176003	0.126071	0.649569	0.79507	0.57265	0.156106	0.864379	0.31809	0.519399	0.864427	0.26235	0.573943	0.206655	
0.724034	0.567775	0.261042	0.830394	0.660021	0.236952	0.699568	0.431319	0.409562	0.274881	0.560429	0.710939	0.483568	0.460775	0.363339	0.711735	0.732715	0.372961	0.303146	0.532378	
0.660069	0.303246	0.23656	0.492018	0.553754	0.256336	0.460381	0.231954	0.257985	0.616111	0.441835	0.36411	0.513708	0.648169	0.0556579	0.37472	0.502525	0.11469	0.272182	0.321196	
0.147096	0.313722	0.359068	0.824992	0.0564752	0.374049	0.275769	0.745258	0.769051	0.727969	0.0748336	0.670937	0.996499	0.450983	0.568362	0.743092	0.271109	0.628015	0.309012	0.829894	
0.646416	0.623876	0.302584	0.977431	0.612975	0.271195	0.724972	0.615459	0.59886	0.173476	0.535538	0.843491	0.670783	0.283562	0.516718	0.860281	0.749403	0.540717	0.317567	0.718721	
1.00686	0.570709	0.628949	0.273059	0.889983	0.647361	0.706359	0.242507	0.280034	0.940156	0.787249	0.294301	0.491795	1.03846	0.343856	0.207278	0.748701	0.30635	0.663762	0.162206	
0.676953	0.798335	0.504526	1.20493	0.687252	0.475691	0.866017	0.861077	0.844822	0.251975	0.644838	1.06379	0.898778	0.200931	0.75389	1.08991	0.880464	0.782569	0.499658	0.964545	
0.70219	0.26132	0.398627	0.306324	0.583858	0.425737	0.400804	0.297257	0.345206	0.816056	0.485427	0.165007	0.626977	0.806058	0.197695	0.198011	0.443974	0.225893	0.41668	0.331861	
0.394185	0.498298	0.264125	0.953808	0.379387	0.247604	0.551407	0.700779	0.702717	0.415648	0.328703	0.803074	0.852786	0.160055	0.5502	0.846602	0.564537	0.596356	0.233644	0.803087	
0.616192	0.332372	0.146355	0.596958	0.520661	0.159423	0.480469	0.297647	0.308206	0.516272	0.408361	0.465096	0.524019	0.548921	0.146009	0.480077	0.519198	0.18938	0.191338	0.397669	
0.918654	0.531092	0.473401	0.45204	0.810767	0.484119	0.686254	0.0297392	0.0599313	0.724878	0.69957	0.399172	0.324692	0.86309	0.203457	0.346877	0.729918	0.1445	0.517474	0.0753323	
1.0298	0.615785	0.605695	0.39956	0.917418	0.618642	0.763562	0.16878	0.187113	0.859066	0.808943	0.397568	0.363995	1.00137	0.324119	0.32033	0.807071	0.271047	0.647308	0.0644434	
0.217313	0.413797	0.314747	0.913542	0.206472	0.3163	0.41997	0.749956	0.763725	0.593384	0.18872	0.75832	0.957175	0.291627	0.579822	0.818562	0.422845	0.63531	0.26528	0.845099	
0.444666	0.606174	0.365782	1.06194	0.455363	0.345507	0.65097	0.791545	0.789077	0.394036	0.422723	0.911794	0.915118	0.0507821	0.648996	0.953742	0.660705	0.691883	0.340063	0.89512	
1.00029	0.560367	0.634936	0.242378	0.882629	0.654522	0.692262	0.264249	0.304294	0.958541	0.781641	0.270271	0.522095	1.04623	0.35218	0.181031	0.734159	0.318952	0.667941	0.189911	
