10	40
171.957	18.9345
126.583	80.8053
171.453	10.2344
8.48215	116.418
92.5354	40.427
76.0451	96.8227
79.0309	43.5204
22.4285	60.497
66.8388	137.806
39.372	15.0649
5.30664
9.11742
9.29722
9.1958
10.1618
3.50486
9.99671
1.41111
12.4838
4.20229
6.62061
8.46247
6.87964
6.57906
7.79846
14.3129
8.08328
5.46821
12.6104
6.13547
14.3411
8.95438
3.56214
2.2621
9.08754
1.27498
2.64218
4.23787
13.036
9.79465
7.39754
6.72735
6.57539
3.36337
6.16588
9.95539
13.1526
9.44129
6.50618
14.1589
0.71019	0.24676	0.596237	0.593573	0.409124	0.69382	0.547012	0.105901	0.58893	0.510584	0.235175	0.495344	0.680411	0.277452	0.0243566	0.404516	0.501031	0.0456354	0.898798	0.160317	0.516171	0.628096	0.814607	0.50638	0.893078	0.345713	0.365313	0.665962	0.100754	0.590806	0.629958	0.82392	0.862635	0.463443	0.514833	0.263394	0.22349	0.625789	0.18447	0.80365	
0.166068	0.395153	0.578772	0.447379	0.272132	0.273856	0.509171	0.631581	0.543528	0.106548	0.626806	0.368426	0.212413	0.443575	0.52571	0.15504	0.0847248	0.592993	0.397758	0.48007	0.0685269	0.215516	0.336079	0.156111	0.374018	0.230222	0.546247	0.229802	0.452987	0.510522	0.543334	0.317424	0.408319	0.483591	0.0982492	0.521713	0.751939	0.0777607	0.635661	0.618999	
0.269808	0.304499	0.456444	0.537219	0.156004	0.217322	0.583214	0.593044	0.421536	0.0174105	0.535355	0.24582	0.335107	0.342412	0.475613	0.174595	0.172013	0.538528	0.40116	0.40028	0.165463	0.333845	0.321038	0.24835	0.484655	0.15439	0.433757	0.351322	0.41174	0.38933	0.423337	0.324725	0.379755	0.542607	0.19532	0.421926	0.681795	0.162655	0.616772	0.512588	
0.565281	0.0407782	0.333886	0.659528	0.159356	0.447773	0.657425	0.387872	0.318936	0.318369	0.23497	0.214792	0.594218	0.0419175	0.26447	0.3164	0.396787	0.30397	0.666453	0.129119	0.403818	0.566296	0.577268	0.444387	0.775819	0.177163	0.163424	0.59639	0.245379	0.314467	0.355106	0.59998	0.612192	0.586256	0.419774	0.120323	0.403473	0.461323	0.45513	0.523706	
0.388115	0.540442	0.44333	0.815524	0.367728	0.0973657	0.877803	0.877689	0.407409	0.312791	0.73782	0.324086	0.524653	0.544781	0.75368	0.485062	0.451488	0.80814	0.192633	0.64301	0.437024	0.559916	0.117678	0.525327	0.555046	0.443366	0.573384	0.557655	0.701692	0.368259	0.373822	0.175754	0.10257	0.84701	0.467415	0.614534	0.920268	0.327552	0.916241	0.335281	
0.4555	0.361045	0.260696	0.782018	0.206581	0.17795	0.822146	0.711495	0.222717	0.257058	0.53896	0.122383	0.560267	0.352426	0.58611	0.408147	0.417704	0.633026	0.387539	0.460125	0.40994	0.571773	0.299851	0.494292	0.660344	0.311641	0.368851	0.583409	0.546444	0.183269	0.203802	0.344469	0.307424	0.773993	0.440489	0.416522	0.728126	0.3582	0.764693	0.266808	
0.208145	0.765463	0.86635	0.604288	0.620813	0.436345	0.703042	0.990813	0.828351	0.449888	0.997736	0.677294	0.276495	0.808476	0.893297	0.513031	0.417151	0.961546	0.332252	0.853286	0.401424	0.345303	0.362923	0.430988	0.109973	0.60234	0.897796	0.311069	0.817959	0.789461	0.809928	0.30333	0.424941	0.72045	0.406142	0.887829	1.1245	0.306484	0.978582	0.809908	
0.448015	0.717952	1.01537	0.134317	0.684935	0.730068	0.230863	0.733492	0.983878	0.562088	0.903957	0.807198	0.302908	0.783754	0.696778	0.442584	0.402429	0.757356	0.778514	0.750986	0.409117	0.259038	0.752195	0.328136	0.431705	0.586621	0.909907	0.265531	0.625884	0.956005	0.992855	0.709614	0.829873	0.295179	0.378887	0.843682	0.934882	0.49168	0.669882	1.08402	
0.714503	0.450685	0.824615	0.421186	0.564969	0.806897	0.342273	0.215096	0.810246	0.594249	0.49737	0.681133	0.633622	0.503175	0.262054	0.433317	0.509715	0.285377	0.978958	0.399435	0.527873	0.567746	0.906856	0.475184	0.850123	0.463197	0.612333	0.606064	0.247158	0.803649	0.844857	0.898929	0.969635	0.263019	0.511365	0.512422	0.432517	0.661726	0.123187	1.00532	
0.548453	0.4404	0.223148	0.892231	0.305441	0.244758	0.932079	0.792828	0.190188	0.366218	0.587154	0.192056	0.662056	0.418034	0.668381	0.518093	0.527045	0.709028	0.418185	0.532944	0.518711	0.677594	0.340363	0.603879	0.74476	0.415653	0.401783	0.687191	0.636507	0.154193	0.150567	0.394542	0.321849	0.882872	0.549493	0.469977	0.784788	0.457361	0.853709	0.156925	
