10	50
5.86035	57.9588
82.2412	159.866
55.9359	149.68
38.8948	24.82
15.7652	41.7436
2.83485	98.4365
17.3113	33.7525
70.2515	136.9
85.4065	103.225
28.5178	123.456
5.74815
11.1731
7.60562
5.10119
0.18314
0.126687
4.4933
3.97022
8.96973
5.40708
9.81239
12.8629
5.07423
4.456
3.25868
8.55252
5.10239
11.7636
6.76898
3.20396
7.05611
7.9309
11.3397
8.5173
2.11615
6.81076
7.3586
9.03633
12.7047
0.337083
1.61061
3.82969
8.48588
11.8346
4.99632
12.7792
7.24013
7.68967
7.85026
1.58961
10.1445
8.20407
0.689558
0.250032
1.04399
4.46326
11.1413
2.53836
6.25026
0.473377
0.239981	0.179902	0.316033	0.528811	0.574386	0.326449	0.477858	0.489383	0.668278	0.275103	0.362021	0.412195	0.476573	0.362898	0.501255	0.362592	0.246888	0.463345	0.641764	0.305481	0.21328	0.275794	0.172942	0.497824	0.584845	0.111145	0.458839	0.657042	0.409047	0.482849	0.0727335	0.318579	0.317385	0.15389	0.298876	0.335508	0.801561	0.529954	0.596611	0.43678	0.25134	0.206914	0.549615	0.311676	0.46783	0.711271	0.583799	0.415392	0.353321	0.453639	
0.733815	0.335679	0.368248	0.751578	0.875177	0.838514	0.887021	0.870529	0.999934	0.764668	0.185158	0.514031	0.799234	0.875838	0.696674	0.851944	0.660614	0.95417	0.780763	0.760921	0.329124	0.304779	0.381915	0.145469	0.413475	0.511203	0.754482	0.349591	0.105999	0.239183	0.464649	0.227376	0.197839	0.368107	0.800367	0.243309	0.552864	0.736904	0.806939	0.65995	0.687754	0.613018	0.803916	0.771375	0.640466	0.503687	0.471225	0.681035	0.85657	0.677584	
0.364706	0.631123	0.49714	0.19188	0.0810692	0.455647	0.125507	0.0699263	0.148839	0.614844	0.794653	0.384255	0.0662992	0.525436	0.235974	0.65463	0.27408	0.356064	0.31449	0.262287	0.561657	0.758467	0.517841	0.762108	0.633854	0.428587	0.117031	0.775444	0.78899	0.945496	0.588525	0.765152	0.722654	0.560779	0.586574	0.797676	0.794051	0.213992	0.211382	0.228294	0.278122	0.31443	0.143787	0.266404	0.276959	0.708962	0.579227	0.190065	0.600479	0.217514	
0.520653	0.749102	0.575485	0.193575	0.0852785	0.611646	0.271516	0.220751	0.101919	0.771187	0.898454	0.432191	0.18318	0.680748	0.250604	0.811385	0.418281	0.499129	0.248113	0.418595	0.666387	0.87771	0.629047	0.824362	0.649162	0.559113	0.205096	0.795361	0.879344	1.05265	0.723715	0.874086	0.82368	0.677029	0.743394	0.909479	0.773333	0.212043	0.157584	0.282102	0.427984	0.452693	0.138002	0.423064	0.30618	0.698351	0.58575	0.269068	0.756956	0.26425	
0.144745	0.375617	0.490913	0.586287	0.580886	0.144534	0.422533	0.455574	0.642332	0.113361	0.551051	0.545863	0.487968	0.165209	0.577273	0.184481	0.267343	0.31712	0.718563	0.247332	0.40936	0.449655	0.363705	0.696035	0.757335	0.254053	0.491472	0.844293	0.605921	0.654074	0.249469	0.505868	0.513823	0.352636	0.110771	0.515627	0.972915	0.594883	0.648358	0.514511	0.244139	0.260828	0.586937	0.245165	0.561182	0.880186	0.745051	0.476757	0.159372	0.526782	
0.719363	0.315297	0.371408	0.758074	0.878144	0.820635	0.882	0.867591	1.00187	0.740705	0.155176	0.522394	0.799734	0.855848	0.703953	0.827505	0.652331	0.941133	0.793054	0.750716	0.319021	0.275181	0.37133	0.169805	0.437315	0.49905	0.756174	0.380277	0.0857921	0.206113	0.442748	0.198881	0.177184	0.353127	0.777623	0.211988	0.583452	0.744181	0.815083	0.664625	0.678234	0.604223	0.809137	0.760878	0.648	0.531702	0.492867	0.683368	0.833889	0.682603	
0.668279	0.35355	0.229671	0.572842	0.7087	0.792284	0.759052	0.732032	0.835978	0.768584	0.308594	0.334805	0.645537	0.84381	0.516002	0.856557	0.559794	0.871477	0.582069	0.666957	0.281011	0.398523	0.324932	0.0678506	0.202142	0.446118	0.596353	0.179326	0.223774	0.427267	0.473219	0.328516	0.261189	0.342599	0.792705	0.363538	0.370185	0.555422	0.621129	0.491083	0.592985	0.51818	0.629287	0.678779	0.460166	0.304755	0.258486	0.522147	0.846292	0.506689	
0.315473	0.666559	0.583718	0.336424	0.220381	0.366443	0.0514932	0.0874195	0.208238	0.548436	0.843601	0.499213	0.19601	0.428951	0.374995	0.570641	0.2895	0.227649	0.461788	0.22192	0.617807	0.787649	0.568153	0.852734	0.756999	0.455379	0.245266	0.893635	0.853277	0.986893	0.596448	0.808458	0.77697	0.601899	0.510942	0.836305	0.929681	0.357926	0.358487	0.3535	0.274537	0.338045	0.291015	0.218847	0.408254	0.841906	0.707521	0.306908	0.512465	0.347209	
0.35778	0.100631	0.171912	0.485342	0.570132	0.469265	0.530877	0.52536	0.68296	0.43569	0.262233	0.306625	0.478645	0.514867	0.443706	0.523318	0.293696	0.577644	0.572219	0.387717	0.0534411	0.228611	0.0242073	0.340764	0.433751	0.135084	0.445404	0.497209	0.279338	0.409925	0.153834	0.229606	0.196322	0.0293186	0.459001	0.261836	0.649134	0.479674	0.55223	0.385472	0.316513	0.244864	0.52179	0.397558	0.397445	0.561163	0.44152	0.382791	0.512783	0.404397	
0.821094	0.449299	0.651413	1.02623	1.11723	0.873467	1.05856	1.06235	1.22835	0.722477	0.31304	0.814471	1.02497	0.879266	0.979489	0.791723	0.819879	1.03789	1.09392	0.891037	0.533011	0.321836	0.567676	0.53214	0.79335	0.65503	0.992513	0.746215	0.374202	0.166518	0.513265	0.32633	0.38793	0.520589	0.772398	0.288557	0.949413	1.01781	1.0911	0.926334	0.832131	0.773055	1.06676	0.897503	0.927906	0.895597	0.841829	0.928678	0.823306	0.945392	
