15	40
18.1388	10.3518
11.9508	132.035
33.8568	31.4179
2.14095	87.6823
46.9913	78.3275
1.63039	72.414
27.2361	77.8229
2.99977	96.825
31.7927	91.4105
68.0619	16.0568
87.6112	82.8759
27.1964	140.704
22.0468	70.7132
6.04909	140.218
66.7627	70.6492
11.1438
9.64135
18.777
25.2706
14.9387
10.1109
18.343
14.9074
12.8113
2.04132
7.74375
25.4175
15.4137
24.0872
4.14187
0.681059
19.5046
22.1455
10.2694
14.2454
14.0927
6.65551
24.85
17.4697
21.2541
24.803
21.2713
18.308
17.791
5.4938
17.6689
10.3373
22.2874
12.4398
13.055
20.6969
16.9785
2.28239
21.6968
8.68461
1.03152	0.786313	0.757887	0.0700015	0.572245	0.0603571	0.208693	0.175435	0.764848	0.486239	0.803876	0.484842	0.540264	0.846497	0.426494	0.518163	0.769354	0.411103	0.259765	0.550788	0.843047	0.641481	0.0721056	0.72082	0.69774	0.779822	0.81607	0.467716	0.107593	0.820112	0.910767	0.703751	0.933843	0.333801	0.924515	0.473012	0.873413	0.796913	0.728368	0.368452	
1.10745	0.952624	0.925933	0.125807	0.668443	0.134943	0.166993	0.0546764	0.844729	0.379325	0.931537	0.502671	0.481499	0.911052	0.394326	0.598894	0.828091	0.426466	0.34511	0.549187	0.825334	0.72867	0.119476	0.738098	0.859893	0.908121	0.863024	0.473888	0.162583	0.720238	0.830397	0.870451	0.953424	0.397573	0.989069	0.6189	0.931379	0.784268	0.748252	0.301838	
0.276626	0.760251	0.765054	0.886543	0.3977	0.923773	0.766194	0.878884	0.245619	0.679272	0.491006	0.430241	0.526079	0.155781	0.553441	0.405466	0.166059	0.506768	0.640873	0.391884	0.248251	0.330628	0.913944	0.200477	0.699163	0.491019	0.0998314	0.459835	0.814759	0.614019	0.538191	0.736459	0.0734198	0.565663	0.162943	0.606808	0.121002	0.241239	0.188471	0.657292	
0.890569	0.750026	0.725576	0.15022	0.444893	0.187849	0.0936497	0.172465	0.625529	0.345408	0.708592	0.313576	0.372909	0.697786	0.255209	0.377789	0.616934	0.238335	0.120966	0.37709	0.668964	0.506946	0.177627	0.551598	0.654501	0.685365	0.658068	0.294284	0.0784461	0.663063	0.744753	0.669443	0.766354	0.178282	0.776174	0.406063	0.72118	0.623081	0.559886	0.214499	
0.544615	0.436887	0.422575	0.513472	0.0868942	0.540959	0.460201	0.555965	0.283323	0.569944	0.326834	0.276871	0.478486	0.379847	0.392381	0.100949	0.32034	0.288813	0.262631	0.339367	0.551309	0.160757	0.538552	0.376054	0.342398	0.304253	0.382772	0.30545	0.450282	0.752123	0.766771	0.371511	0.53924	0.226761	0.452979	0.136137	0.414576	0.504303	0.374777	0.459459	
0.240007	0.542776	0.547535	0.79602	0.22902	0.828873	0.704441	0.813738	0.0333575	0.700933	0.277575	0.39415	0.56008	0.0711005	0.538872	0.275071	0.0822169	0.458382	0.537089	0.396567	0.410464	0.155197	0.822864	0.264418	0.482602	0.275285	0.131411	0.431318	0.726519	0.737884	0.694295	0.519921	0.290198	0.472456	0.137999	0.420481	0.110915	0.380771	0.252604	0.637515	
0.296413	0.910561	0.921145	1.10373	0.605065	1.14132	0.979553	1.09197	0.426879	0.866532	0.63132	0.6443	0.714077	0.322854	0.758816	0.621475	0.370671	0.721184	0.859647	0.598247	0.377157	0.533712	1.1311	0.407417	0.864727	0.638379	0.310469	0.671604	1.03196	0.73163	0.62393	0.901655	0.193742	0.784253	0.272153	0.809598	0.283474	0.396349	0.397239	0.861509	
1.01999	0.894072	0.868761	0.118541	0.585927	0.150458	0.0777454	0.0362171	0.758386	0.315048	0.855273	0.413216	0.401245	0.822845	0.307629	0.51412	0.73959	0.337037	0.267177	0.460501	0.739356	0.643998	0.131813	0.648864	0.799369	0.8322	0.773819	0.384574	0.109295	0.656081	0.759279	0.812768	0.864312	0.312988	0.900729	0.552771	0.84265	0.697496	0.658945	0.220252	
0.735503	1.02067	1.01143	0.690386	0.56427	0.730026	0.536888	0.629754	0.577769	0.307715	0.817104	0.33317	0.19705	0.558965	0.313124	0.499173	0.492459	0.369439	0.547081	0.259976	0.231695	0.552501	0.713574	0.309662	0.931896	0.804723	0.468572	0.320126	0.62986	0.165316	0.181283	0.964113	0.433468	0.484365	0.609143	0.723978	0.547862	0.223562	0.321957	0.376261	
0.536703	0.515736	0.502771	0.500451	0.0896805	0.532164	0.423976	0.527786	0.270011	0.500484	0.376705	0.197259	0.400214	0.353758	0.322041	0.0271677	0.282047	0.219615	0.241344	0.257133	0.476406	0.148368	0.526954	0.304476	0.422565	0.35615	0.337969	0.228183	0.432374	0.669946	0.684697	0.452667	0.483951	0.184937	0.430996	0.214218	0.383708	0.428576	0.304886	0.39867	
0.506688	0.185132	0.183341	0.733319	0.275526	0.752253	0.712763	0.796163	0.338553	0.84098	0.144842	0.540007	0.743226	0.435034	0.663103	0.349924	0.426829	0.559595	0.510858	0.592156	0.739901	0.293359	0.754738	0.565787	0.115644	0.125893	0.491021	0.571819	0.680972	1.00038	0.994619	0.152918	0.655803	0.492081	0.477688	0.225937	0.474969	0.699347	0.559039	0.729511	
0.810685	0.587336	0.561831	0.256148	0.348922	0.277762	0.260491	0.323632	0.545216	0.484858	0.576246	0.335201	0.469427	0.63331	0.34875	0.30541	0.561367	0.280615	0.103208	0.412263	0.696416	0.4207	0.278485	0.547498	0.493209	0.552273	0.614658	0.334514	0.205502	0.770171	0.830329	0.505865	0.749599	0.168162	0.710079	0.251801	0.663519	0.64775	0.552251	0.350578	
0.272578	0.902649	0.914916	1.13605	0.621472	1.17312	1.01536	1.12799	0.435723	0.911196	0.623507	0.679455	0.758254	0.332194	0.798348	0.644078	0.38947	0.756141	0.888479	0.637079	0.426424	0.548682	1.16346	0.445222	0.861915	0.632426	0.333721	0.708163	1.06427	0.783088	0.675974	0.89846	0.236158	0.81402	0.271908	0.822056	0.294665	0.44345	0.434327	0.901612	
0.841342	0.601244	0.574834	0.235262	0.379499	0.25388	0.25712	0.310054	0.576129	0.495036	0.601552	0.362188	0.488384	0.664628	0.366948	0.336856	0.592821	0.304581	0.124274	0.438657	0.724677	0.451574	0.256095	0.577558	0.508495	0.577504	0.646088	0.359596	0.190931	0.788559	0.852392	0.51919	0.780519	0.194494	0.741318	0.272746	0.694932	0.676122	0.582511	0.360603	
0.433266	0.978164	0.983185	1.02118	0.601156	1.06044	0.884042	0.993809	0.463613	0.731209	0.706867	0.560975	0.584056	0.371743	0.650943	0.592864	0.379648	0.635756	0.796507	0.499476	0.228175	0.539737	1.04801	0.328325	0.917079	0.707986	0.313277	0.580622	0.950577	0.557531	0.44379	0.954355	0.146845	0.719391	0.357565	0.811307	0.333958	0.262559	0.323127	0.748601	
