10	50
39.7473	42.7187
6.61968	45.399
41.2648	36.4842
27.7781	124.253
25.3982	155.799
75.7928	51.9116
11.4959	21.0764
78.8956	34.5742
41.3044	144.062
62.9566	14.8638
9.90625
4.96319
0.188251
7.28403
1.91254
10.8571
6.66298
0.233946
11.9589
9.37735
4.39157
12.655
6.17143
4.8171
11.6312
9.49942
13.0358
5.29388
12.04
5.56979
7.6847
1.25087
10.8478
9.26962
5.4441
12.1697
2.77822
5.43805
1.66096
5.71031
8.62769
2.73363
4.23095
13.1229
14.2251
3.13925
7.58981
3.22818
0.480476
14.1791
3.18334
11.0862
5.73259
10.824
7.46936
1.83405
4.60612
5.07942
1.04362
2.45055
1.16743	0.52494	0.142978	1.03046	0.595957	0.307635	0.878786	0.181248	1.27473	0.688848	0.275172	0.666998	1.10268	0.941692	0.799661	1.1678	1.22533	0.438303	0.459768	0.803488	0.3833	0.829041	0.183511	0.386804	0.528585	0.202606	0.347522	1.01094	0.747745	0.408968	0.979677	0.309272	1.01482	0.588202	0.407038	1.08097	0.859515	0.559368	0.622921	0.285797	0.812978	0.580154	0.695995	0.693924	1.05246	0.261114	0.281478	0.88683	0.46037	0.988575	
0.733781	0.415414	0.298969	0.60252	0.3264	0.251901	0.495242	0.307876	0.836862	0.309005	0.180674	0.482314	0.664765	0.64526	0.505158	0.737915	0.787374	0.325668	0.0334842	0.600287	0.165214	0.489902	0.270035	0.154832	0.223901	0.265714	0.0968146	0.608392	0.336233	0.329684	0.544886	0.16722	0.578335	0.155669	0.190201	0.682075	0.454074	0.208145	0.321237	0.176696	0.380255	0.211738	0.280173	0.257805	0.616188	0.269667	0.201538	0.452752	0.0794313	0.559231	
0.218314	0.677454	0.813773	0.0979703	0.491647	0.741846	0.245297	0.821703	0.35353	0.437119	0.695068	0.75736	0.181934	0.496097	0.626147	0.223636	0.29698	0.745728	0.490548	0.799568	0.637213	0.539987	0.785893	0.627793	0.477616	0.758657	0.612074	0.409733	0.346858	0.684772	0.192675	0.674946	0.179055	0.387302	0.640546	0.262317	0.176159	0.508094	0.447194	0.667729	0.136186	0.481707	0.263555	0.287694	0.203155	0.772134	0.709998	0.0634094	0.521922	0.0559514	
0.723047	1.01807	0.816471	0.700522	0.874685	0.641377	0.815178	0.767759	0.669754	0.317392	0.694044	0.344987	0.593824	1.06324	0.155007	0.762292	0.65937	0.527226	0.63058	0.276241	0.574878	0.131356	0.771404	0.574589	0.790369	0.851243	0.657325	0.249466	0.339912	0.948369	0.446452	0.655176	0.48421	0.503754	0.545726	0.880137	0.73514	0.418867	0.845332	0.779694	0.586313	0.410169	0.649442	0.475467	0.494354	0.688087	0.674503	0.589903	0.550175	0.669677	
0.240829	0.673001	0.927729	0.145654	0.500687	0.892245	0.182843	0.951261	0.430676	0.640739	0.824985	0.961539	0.31473	0.35106	0.841564	0.202444	0.376613	0.921377	0.615136	1.01298	0.792035	0.757225	0.908125	0.781794	0.530867	0.85001	0.741456	0.620786	0.555111	0.71789	0.401151	0.813049	0.375457	0.550752	0.802614	0.0441877	0.193008	0.691311	0.459385	0.765595	0.299047	0.666787	0.365865	0.468832	0.386077	0.915014	0.847549	0.258104	0.674139	0.16778	
0.978389	0.460243	0.0560832	0.845606	0.469513	0.149387	0.716019	0.0837052	1.07878	0.493039	0.0769848	0.519373	0.908086	0.818515	0.623945	0.981744	1.03038	0.293395	0.270261	0.655831	0.192715	0.642889	0.0311558	0.194199	0.382437	0.117886	0.1504	0.814032	0.549092	0.33997	0.781664	0.113751	0.817502	0.390652	0.221662	0.91258	0.686307	0.364526	0.485733	0.134302	0.624457	0.38386	0.516164	0.497019	0.854974	0.115947	0.0933636	0.697316	0.261386	0.802706	
0.814072	0.92482	0.656801	0.758403	0.806205	0.474914	0.817784	0.60057	0.798883	0.256988	0.543998	0.157111	0.69007	1.04849	0.0456035	0.846527	0.777551	0.348574	0.52861	0.134716	0.425639	0.139646	0.611472	0.427841	0.711218	0.707994	0.523587	0.384816	0.327275	0.839174	0.529095	0.505221	0.572602	0.431959	0.392725	0.923361	0.742099	0.303869	0.784684	0.647502	0.594831	0.306865	0.618271	0.445464	0.59338	0.520887	0.518673	0.621279	0.432685	0.720541	
0.864835	0.201586	0.281321	0.719095	0.234334	0.380118	0.533321	0.343737	1.00195	0.554825	0.268308	0.705602	0.826343	0.579932	0.751086	0.856035	0.947302	0.50765	0.240191	0.832741	0.352659	0.737494	0.290624	0.345931	0.182665	0.167167	0.240321	0.838838	0.569927	0.0885672	0.737609	0.293636	0.762758	0.382458	0.387295	0.738124	0.529139	0.454486	0.264449	0.134719	0.523531	0.45942	0.389674	0.463392	0.800389	0.364762	0.307056	0.596483	0.32244	0.681468	
0.552285	0.461729	0.479905	0.421936	0.306279	0.417029	0.346039	0.488133	0.661009	0.260924	0.361153	0.53971	0.487035	0.544425	0.491945	0.556645	0.609873	0.450971	0.157283	0.630098	0.315776	0.443706	0.451549	0.305575	0.228782	0.433325	0.27784	0.487584	0.233701	0.418537	0.380182	0.343009	0.408814	0.0877225	0.32699	0.51511	0.289922	0.240752	0.277348	0.341424	0.198891	0.223058	0.121389	0.106719	0.446828	0.442827	0.378066	0.271227	0.197852	0.378343	
1.0078	0.627223	0.19772	0.889639	0.606098	0.0578582	0.804589	0.125108	1.0793	0.439819	0.160324	0.367383	0.918692	0.945494	0.507601	1.01946	1.03687	0.138818	0.342956	0.504141	0.159124	0.548596	0.158704	0.168848	0.508468	0.295162	0.225415	0.757154	0.517933	0.509747	0.773725	0.149175	0.814576	0.408902	0.158826	0.987136	0.759718	0.315597	0.612869	0.291095	0.666529	0.341678	0.585607	0.511026	0.849827	0.0620143	0.122861	0.733241	0.276394	0.845393	
