15	30
33.5929	104.507
21.2565	110.435
99.9587	59.4151
179.056	152.071
0.510487	82.4247
50.3774	53.0639
5.19579	126.063
108.149	147.619
151.895	121.914
109.276	51.9901
19.1903	70.6589
97.5732	100.503
13.6374	21.0106
65.9906	64.1318
166.303	109.776
9.7332
28.5253
24.9005
7.97409
12.6266
7.59186
38.3027
11.5984
42.3281
7.28316
20.0899
42.2199
17.331
16.2588
5.72245
1.00322
30.2371
28.3223
26.0153
24.5001
27.2524
23.3017
12.0094
40.9163
33.6807
41.5372
30.5667
27.8966
41.7519
6.31495
0.852508	0.0314955	0.290694	0.628518	0.465994	1.1245	1.12769	0.755357	0.100099	0.928871	0.946241	0.218228	0.841531	0.401492	0.865538	0.923137	0.260193	0.413514	0.385894	0.519467	0.897154	0.720457	0.309709	0.770805	0.854828	0.938909	0.619986	0.513144	0.737019	0.44914	
0.655781	0.360765	0.0489132	0.45993	0.149067	0.81467	0.818133	0.650288	0.337371	0.639715	0.623385	0.173906	0.604324	0.218148	0.641239	0.625351	0.28496	0.243511	0.28705	0.228868	0.567887	0.443256	0.153113	0.676941	0.524231	0.631923	0.420978	0.205423	0.455102	0.120468	
0.733719	0.148315	0.223376	0.509465	0.383603	1.02583	1.02885	0.637402	0.203105	0.903419	0.857515	0.116122	0.72635	0.289535	0.748729	0.892176	0.315383	0.298986	0.417073	0.488225	0.81681	0.699942	0.307155	0.653776	0.777923	0.840198	0.631003	0.423608	0.714205	0.391304	
0.312017	0.569974	0.367231	0.0881479	0.312922	0.688356	0.690464	0.267947	0.608984	0.88676	0.582721	0.336674	0.318614	0.168626	0.332593	0.857113	0.641869	0.145388	0.669924	0.552263	0.588525	0.73624	0.53355	0.296263	0.572569	0.516241	0.780122	0.285231	0.739592	0.41525	
0.320656	0.887501	0.585118	0.369356	0.415278	0.280585	0.283062	0.515963	0.890538	0.70324	0.204906	0.639392	0.198304	0.467083	0.244813	0.661953	0.843079	0.464723	0.801537	0.571087	0.262429	0.646928	0.697048	0.547458	0.281588	0.10747	0.785585	0.358268	0.638279	0.49487	
0.542428	1.04639	0.727609	0.601819	0.550191	0.15475	0.158751	0.749689	1.03147	0.598997	0.071671	0.808852	0.422392	0.657333	0.462533	0.554966	0.947995	0.66116	0.875337	0.621136	0.158762	0.61593	0.799238	0.780666	0.209705	0.131541	0.792074	0.502772	0.600927	0.595301	
0.303505	0.802227	0.680618	0.281082	0.641382	0.825327	0.82594	0.0805574	0.866236	1.19764	0.799518	0.616673	0.411102	0.486443	0.380929	1.16457	0.938828	0.460998	0.986126	0.881097	0.837303	1.06024	0.848661	0.0487608	0.836409	0.698051	1.10888	0.609406	1.06217	0.744209	
0.704448	0.451838	0.168043	0.531334	0.166055	0.780343	0.784062	0.732722	0.408095	0.521303	0.574609	0.293334	0.634437	0.312843	0.676866	0.508741	0.301744	0.338174	0.246695	0.108751	0.504996	0.323159	0.153347	0.761595	0.456768	0.60556	0.316208	0.219054	0.335229	0.0621844	
0.513307	0.417715	0.139628	0.310899	0.125108	0.740372	0.743449	0.501336	0.426586	0.718264	0.573666	0.170668	0.474082	0.073371	0.506451	0.696138	0.420327	0.0987061	0.436497	0.337867	0.540031	0.541115	0.301111	0.528539	0.505624	0.554661	0.555454	0.145142	0.548672	0.199924	
0.866377	0.250319	0.213602	0.658453	0.366375	1.02386	1.02746	0.831192	0.176042	0.708459	0.82312	0.260039	0.822262	0.407075	0.857441	0.707489	0.0673517	0.42947	0.152952	0.317673	0.756096	0.49927	0.0998906	0.854081	0.708075	0.844222	0.385078	0.423977	0.517388	0.29948	
0.873415	0.820812	0.547248	0.780006	0.452134	0.690096	0.694081	0.986866	0.760347	0.144489	0.47998	0.671988	0.765008	0.639729	0.815077	0.127193	0.607222	0.661151	0.484173	0.278621	0.381992	0.104201	0.492067	1.01948	0.33754	0.578373	0.299012	0.462999	0.0835225	0.385756	
0.154565	0.85545	0.586133	0.244437	0.442751	0.402202	0.403466	0.35446	0.876367	0.847161	0.372127	0.607472	0.0356082	0.42304	0.0857484	0.807839	0.862904	0.411734	0.84748	0.647189	0.425862	0.763014	0.726444	0.384826	0.438139	0.264861	0.876036	0.386133	0.757713	0.542079	
0.799727	0.780035	0.492746	0.705993	0.384611	0.639445	0.643457	0.912618	0.725923	0.21375	0.424748	0.615974	0.692328	0.571989	0.742319	0.188227	0.583132	0.5927	0.469147	0.237603	0.327532	0.131125	0.456796	0.945266	0.279674	0.516223	0.317417	0.39183	0.116357	0.327079	
0.365095	0.572277	0.295729	0.196524	0.177908	0.600136	0.60289	0.404754	0.586674	0.72991	0.458709	0.322677	0.314515	0.145215	0.349297	0.699806	0.574836	0.144136	0.573176	0.414867	0.448378	0.585581	0.44443	0.436156	0.426216	0.41659	0.647683	0.136043	0.587562	0.285137	
0.916111	0.0981895	0.303061	0.694916	0.479612	1.1461	1.14948	0.836946	0.00472675	0.879798	0.956569	0.2711	0.893583	0.453928	0.92177	0.878447	0.17481	0.470155	0.309191	0.483692	0.898486	0.670588	0.264504	0.854511	0.853013	0.962011	0.549553	0.532604	0.688621	0.439855	
