15	50
65.1597	117.463
32.281	21.2656
30.1226	151.852
8.92531	82.4192
46.5173	93.4208
35.3295	63.9342
39.1223	119.178
79.5544	25.7509
6.70261	126.724
87.0055	144.583
53.6615	41.012
50.5641	27.8737
80.386	132.07
66.8814	54.5017
46.6145	77.4456
3.53364
1.05487
12.519
1.73573
3.03604
0.854073
10.5702
0.875136
0.60611
17.0453
7.71587
13.4903
7.07638
2.93792
16.785
8.62343
0.801565
8.35145
12.503
7.90765
17.4094
17.7231
8.53609
0.770519
15.2545
18.4752
14.91
4.86183
7.10028
0.917344
13.1364
7.47946
8.18435
13.6754
7.57056
11.4535
0.940813
9.26123
13.0144
2.39685
3.14658
1.35451
17.9864
19.4394
2.22112
3.53881
7.88241
12.3527
12.8626
14.6195
0.203824	0.394149	0.171511	0.92984	0.174137	1.17793	0.547157	1.05585	0.735456	0.293759	0.998962	0.472053	0.299687	0.429942	0.117527	0.722175	0.533713	0.499871	0.59444	0.691621	0.658352	0.624503	0.55754	1.03509	0.800171	0.768399	0.419807	1.02277	0.271566	0.804229	0.693433	0.491214	0.293653	1.01917	0.70945	0.81218	0.486358	0.698465	1.05626	0.826642	0.378982	0.334253	0.326215	0.625411	1.10371	0.771693	0.485652	0.349117	0.399411	1.00313	
1.26921	0.893104	1.21439	0.656262	1.10823	0.0219623	0.968343	0.192935	0.467248	1.23764	0.175128	0.890865	1.17014	0.941878	1.06645	0.466072	0.651553	0.746468	0.576979	0.703845	0.651861	0.962158	0.627494	0.155633	0.423535	0.64356	0.930193	0.178838	1.37763	0.372105	0.908855	0.690186	1.17326	0.165338	0.866895	0.398053	0.807212	0.901764	0.122464	0.839235	0.968513	1.17888	1.16753	0.544302	0.108253	0.688234	0.688074	1.03009	0.771911	0.256198	
0.519762	0.525164	0.480652	0.982642	0.149582	1.03842	0.230035	0.960277	0.678204	0.594108	0.876825	0.173529	0.578293	0.120992	0.33132	0.556161	0.504794	0.277126	0.522434	0.758354	0.410155	0.796919	0.401166	0.873364	0.608725	0.815017	0.11774	0.855278	0.584901	0.651176	0.842595	0.347639	0.574097	0.860136	0.842627	0.745413	0.57814	0.383765	0.93154	0.944305	0.557541	0.611835	0.600791	0.494926	0.98593	0.836558	0.360788	0.561442	0.301952	0.922742	
1.09035	0.698835	1.03683	0.437177	0.98121	0.222085	0.916671	0.0452529	0.278656	1.04618	0.102465	0.817866	0.976582	0.861551	0.903345	0.38896	0.478926	0.659895	0.418951	0.483498	0.611127	0.741878	0.520419	0.232967	0.393864	0.41986	0.84652	0.252299	1.19961	0.299484	0.685721	0.572862	0.98039	0.223168	0.643353	0.20195	0.606461	0.887171	0.113744	0.614892	0.770391	0.981806	0.97115	0.425278	0.119816	0.463925	0.562685	0.83285	0.637715	0.0341433	
0.566625	0.241156	0.530067	0.374291	0.710529	0.900588	0.925601	0.721212	0.458957	0.470563	0.732347	0.801514	0.402847	0.803136	0.506501	0.661519	0.384524	0.687149	0.456151	0.197147	0.791432	0.063939	0.59464	0.838484	0.750319	0.270374	0.783725	0.84184	0.66245	0.675421	0.0790857	0.56998	0.409463	0.821516	0.0958735	0.510668	0.200647	1.01053	0.778274	0.215448	0.237173	0.388731	0.383612	0.563764	0.799912	0.23883	0.542757	0.277221	0.52314	0.654238	
0.330523	0.0985453	0.287429	0.593624	0.478599	0.995497	0.750658	0.836324	0.522239	0.258126	0.814346	0.634313	0.18694	0.621763	0.263199	0.63804	0.355612	0.558829	0.440059	0.365524	0.696497	0.257379	0.516065	0.892709	0.730597	0.449056	0.603664	0.888919	0.434559	0.685948	0.325883	0.467592	0.19159	0.875327	0.34466	0.594022	0.18543	0.862833	0.868257	0.463615	0.0212608	0.190224	0.179556	0.527521	0.903405	0.438384	0.444512	0.0413049	0.388765	0.773209	
0.890627	0.488007	0.84106	0.193147	0.870215	0.499066	0.916948	0.31366	0.198475	0.826098	0.350942	0.798715	0.754678	0.828125	0.738482	0.448585	0.347377	0.641435	0.337015	0.219095	0.660852	0.472576	0.498342	0.476857	0.506369	0.145281	0.809811	0.488121	0.998303	0.403205	0.410817	0.523266	0.759609	0.462045	0.367762	0.17906	0.388133	0.935941	0.385687	0.340359	0.547364	0.753383	0.744271	0.41177	0.396356	0.187158	0.501986	0.608882	0.54884	0.247114	
0.566787	0.339851	0.512574	0.696117	0.354812	0.769534	0.389616	0.67044	0.377734	0.581836	0.596926	0.26433	0.53295	0.281581	0.341225	0.30149	0.212352	0.143935	0.221822	0.487105	0.281706	0.594312	0.136574	0.617958	0.379833	0.531617	0.26235	0.604236	0.666469	0.386878	0.61659	0.0703399	0.532429	0.602609	0.604981	0.446331	0.345626	0.464407	0.653566	0.689841	0.405747	0.557449	0.544487	0.211579	0.705179	0.559874	0.0676653	0.442127	0.0292908	0.628091	
0.911216	0.565279	0.855883	0.566964	0.732488	0.390266	0.632218	0.318612	0.200528	0.89463	0.225223	0.536624	0.831604	0.582888	0.699106	0.104291	0.308357	0.38199	0.224541	0.479091	0.327795	0.710846	0.252829	0.242141	0.132559	0.459688	0.569014	0.232292	1.01776	0.0299279	0.68469	0.314387	0.833611	0.225819	0.651214	0.195562	0.498266	0.606377	0.279373	0.675076	0.644314	0.845924	0.833654	0.168905	0.334125	0.507036	0.31228	0.70178	0.396788	0.298147	
0.815619	0.478465	0.760267	0.558845	0.640596	0.48348	0.571487	0.392851	0.176833	0.80173	0.311435	0.466256	0.73989	0.508222	0.602714	0.0820179	0.221707	0.306831	0.137252	0.432236	0.289211	0.645615	0.166931	0.338545	0.166854	0.42914	0.492884	0.328238	0.921858	0.111853	0.628754	0.223628	0.741635	0.322234	0.599101	0.209177	0.419206	0.567832	0.367678	0.638356	0.557628	0.755459	0.743024	0.0748618	0.420248	0.473739	0.218651	0.613384	0.301832	0.36011	
0.751455	0.42697	0.696101	0.573806	0.574157	0.550818	0.526165	0.454662	0.199886	0.741558	0.377502	0.414895	0.681328	0.453267	0.536572	0.11458	0.175851	0.254311	0.0981406	0.420739	0.268399	0.614528	0.109095	0.405136	0.207342	0.430808	0.436982	0.394015	0.857056	0.175786	0.606053	0.159064	0.682742	0.389005	0.580025	0.250617	0.377307	0.538855	0.434091	0.631253	0.505709	0.698381	0.685778	0.0142928	0.485939	0.472142	0.151939	0.55919	0.234415	0.41749	
0.906683	0.511367	0.853902	0.328738	0.828204	0.40313	0.823555	0.233343	0.109337	0.858602	0.234277	0.711512	0.788637	0.747338	0.728468	0.325923	0.30732	0.55112	0.265177	0.304331	0.546905	0.561748	0.405379	0.350756	0.374931	0.25372	0.730204	0.359348	1.01591	0.27035	0.512887	0.44345	0.79259	0.334923	0.472572	0.0493459	0.417795	0.826051	0.279345	0.465686	0.581879	0.793222	0.782681	0.311283	0.304845	0.301447	0.426822	0.644398	0.489664	0.170457	
0.526198	0.212839	0.490044	0.413164	0.678446	0.924045	0.905254	0.74691	0.473754	0.430059	0.753016	0.782035	0.362268	0.781164	0.471201	0.664725	0.381887	0.6735	0.457538	0.224577	0.78407	0.0633054	0.588144	0.855428	0.754914	0.301954	0.7619	0.857684	0.62187	0.684272	0.114164	0.559318	0.368883	0.838303	0.136031	0.529594	0.187973	0.995304	0.800438	0.255527	0.200498	0.348319	0.343102	0.563729	0.82424	0.273664	0.532379	0.237747	0.506704	0.680141	
0.781081	0.472787	0.725873	0.621988	0.578531	0.544847	0.494656	0.466548	0.242997	0.77799	0.379588	0.389879	0.719918	0.432836	0.56139	0.0747682	0.226922	0.231178	0.15209	0.474647	0.219807	0.667706	0.0976641	0.388969	0.163982	0.482612	0.417933	0.374965	0.884932	0.158428	0.660215	0.161157	0.720939	0.373856	0.634313	0.283992	0.428153	0.495233	0.434467	0.684853	0.550876	0.738539	0.725795	0.0440337	0.488693	0.524709	0.163283	0.602423	0.249509	0.436177	
1.15829	0.768537	1.10452	0.493862	1.0386	0.156348	0.954366	0.030772	0.346005	1.11582	0.105685	0.860848	1.04642	0.906755	0.968293	0.427639	0.544393	0.705406	0.480688	0.553376	0.643155	0.811573	0.570079	0.211063	0.418099	0.488027	0.892533	0.234286	1.26751	0.333621	0.754081	0.625799	1.05015	0.206182	0.7114	0.270059	0.67677	0.914108	0.0778301	0.678472	0.840575	1.052	1.04128	0.476902	0.0541539	0.531186	0.617616	0.902986	0.695384	0.0970157	
