15	30
21.4046	52.7745
75.1213	49.6719
146.263	46.8738
115.466	85.4208
94.334	83.9632
129.992	134.634
128.203	46.6904
37.2497	109.916
86.6938	114.191
19.9452	61.7668
144.469	86.2164
17.3234	145.819
14.7379	101.458
99.2839	157.715
103.831	27.0559
21.8636
0.0589306
33.0602
14.4576
17.6773
45.1272
27.3593
42.2291
45.6591
30.6402
6.31036
33.2983
30.1663
16.1358
29.1152
14.758
33.9062
30.1447
3.87711
33.7376
21.195
14.5708
7.97901
8.90541
4.19108
12.1195
22.7135
15.2765
19.536
16.0147
0.866941	0.787034	0.677166	0.991093	0.67147	0.895368	0.790435	0.867224	0.774096	0.330966	0.711159	0.743758	0.961037	0.985796	0.239996	0.352932	0.734728	0.421797	0.373738	0.610605	0.521178	1.07492	0.809953	0.388509	0.593803	0.945473	0.704906	0.640709	0.842632	0.831461	
0.313546	0.337502	0.200915	0.479633	0.761138	0.488568	0.105882	0.282573	0.759163	0.571496	0.395638	0.152199	0.5375	0.141344	0.612502	0.503185	0.572172	0.430678	0.482634	0.253107	0.510663	0.335056	0.464786	0.541437	0.384413	0.122597	0.170659	0.639582	0.0566597	0.62095	
0.31338	0.274645	0.0531173	0.487672	0.590974	0.546091	0.205332	0.383161	0.615346	0.344676	0.275424	0.185044	0.510316	0.367525	0.396484	0.281181	0.441192	0.218746	0.27661	0.0266651	0.396889	0.465274	0.384432	0.372732	0.297733	0.338835	0.073583	0.471801	0.209254	0.517912	
0.543851	0.57569	0.41857	0.696711	0.995379	0.340378	0.220149	0.161078	0.997437	0.754178	0.633767	0.253844	0.763661	0.161662	0.753082	0.663705	0.810728	0.57976	0.617522	0.45089	0.538924	0.494554	0.702461	0.623291	0.419685	0.12877	0.391652	0.873701	0.293627	0.85921	
0.342585	0.259408	0.241996	0.463564	0.364223	0.763005	0.440623	0.616486	0.408195	0.198227	0.182813	0.4207	0.443101	0.580535	0.336395	0.228419	0.266282	0.24589	0.291606	0.212314	0.523275	0.563936	0.290447	0.434671	0.468611	0.561744	0.271226	0.25192	0.404432	0.362961	
0.634003	0.559859	0.426965	0.774885	0.572426	0.701823	0.542008	0.638119	0.655871	0.141598	0.495649	0.497141	0.758641	0.735019	0.0211504	0.103598	0.563378	0.170779	0.129691	0.359634	0.349806	0.831364	0.606032	0.212186	0.38079	0.696076	0.454039	0.50058	0.590799	0.663222	
0.697164	0.616076	0.522337	0.818604	0.525984	0.830038	0.659109	0.765395	0.622345	0.159643	0.538877	0.616727	0.788918	0.846496	0.13165	0.206926	0.566507	0.288933	0.256627	0.458735	0.472071	0.909508	0.637569	0.332029	0.509709	0.810759	0.551491	0.479611	0.692372	0.664539	
0.113448	0.0589425	0.170896	0.274403	0.481107	0.734304	0.344732	0.545685	0.469805	0.427179	0.109186	0.354248	0.294221	0.408618	0.539491	0.419218	0.282416	0.391071	0.450138	0.216774	0.611786	0.32793	0.181525	0.57148	0.513716	0.408875	0.176016	0.361758	0.236958	0.333171	
0.173531	0.0870952	0.23712	0.279628	0.379763	0.810137	0.431606	0.630414	0.371423	0.382342	0.00786694	0.433455	0.267515	0.509579	0.516271	0.401516	0.185099	0.394634	0.449787	0.260145	0.645879	0.404232	0.12118	0.584203	0.562052	0.50804	0.252298	0.260761	0.33605	0.249608	
0.649063	0.566402	0.489389	0.764752	0.467751	0.839493	0.639969	0.760136	0.562933	0.114581	0.486345	0.600485	0.73253	0.821279	0.154341	0.191751	0.507286	0.277818	0.257393	0.428919	0.493138	0.865679	0.58192	0.35557	0.516194	0.788413	0.519304	0.419532	0.661226	0.605008	
0.523357	0.457946	0.29445	0.678833	0.579196	0.597809	0.401625	0.509477	0.644103	0.174497	0.41	0.357707	0.675851	0.594195	0.152224	0.06112	0.516454	0.0299375	0.0417384	0.225972	0.288492	0.70576	0.526982	0.184551	0.274917	0.555325	0.319586	0.484121	0.45286	0.613329	
0.0606636	0.0261122	0.235023	0.207192	0.477005	0.788683	0.394001	0.594702	0.450455	0.480016	0.119154	0.409202	0.230657	0.429885	0.600206	0.480837	0.265362	0.456639	0.515355	0.283768	0.678567	0.291043	0.139565	0.63835	0.578833	0.438189	0.236394	0.363025	0.270254	0.297047	
0.119519	0.0562276	0.174604	0.275491	0.469848	0.740783	0.352662	0.553434	0.459363	0.419229	0.0980037	0.360898	0.291814	0.419575	0.533772	0.413805	0.272052	0.387817	0.446623	0.217444	0.612568	0.337414	0.174533	0.569663	0.516175	0.419287	0.181517	0.350391	0.247293	0.324603	
0.230555	0.274279	0.490991	0.053179	0.547277	1.01302	0.616807	0.808605	0.470105	0.708842	0.329727	0.64367	0.0980018	0.580968	0.845274	0.729375	0.347237	0.71374	0.771483	0.543673	0.937628	0.28374	0.230364	0.897956	0.833842	0.60984	0.487057	0.471247	0.472043	0.293957	
0.308699	0.394469	0.518832	0.275401	0.793358	0.910136	0.549289	0.702881	0.730497	0.84363	0.484379	0.592795	0.362252	0.42776	0.948258	0.827291	0.578192	0.78389	0.843467	0.586293	0.941069	0.109779	0.436817	0.942318	0.819373	0.474076	0.499467	0.697891	0.407697	0.551409	
