15	20
106.659	137.491
124.465	47.6383
90.5024	73.8915
131.556	50.8109
61.2916	81.9284
46.0816	92.3808
19.8601	156.554
115.654	11.2198
27.244	100.459
20.6955	48.2278
128.273	150.825
17.5921	50.4373
86.1268	31.1456
42.13	86.2031
86.5627	154.008
38.2782
33.3632
22.1355
47.7987
30.5596
54.9527
10.4595
13.2968
52.1634
51.2272
0.701384
52.0064
5.03799
44.3049
41.5332
5.15837
61.8927
27.4827
31.7459
12.5122
0.51868	0.929382	0.738712	0.930401	0.206628	0.638038	0.197004	0.662972	0.379188	0.0639552	0.973536	1.11231	0.914953	0.383853	0.802612	0.456698	0.842677	0.771728	0.310772	0.756647	
0.316947	0.871748	0.607046	0.698773	0.267923	0.409412	0.111851	0.572128	0.143658	0.249576	0.885885	0.935712	0.921258	0.482024	0.558846	0.524975	0.795108	0.776725	0.164688	0.643038	
0.285205	0.774937	0.440733	0.164703	0.677743	0.142973	0.581486	0.529687	0.397282	0.750425	0.714832	0.52023	0.948013	0.806748	0.376048	0.791699	0.744902	0.841115	0.483772	0.503287	
0.642873	0.113253	0.372409	0.836805	0.65851	0.730012	0.751817	0.298658	0.769376	0.800891	0.227883	0.631656	0.142252	0.526571	1.14418	0.443628	0.0696736	0.134107	0.671929	0.310514	
0.58771	0.317463	0.285182	0.539283	0.831389	0.587444	0.849852	0.374114	0.766519	0.968155	0.202809	0.21693	0.550639	0.801274	0.969155	0.73309	0.360928	0.532416	0.736768	0.270515	
0.190704	0.652616	0.402078	0.612459	0.204998	0.330944	0.163102	0.354111	0.17042	0.30411	0.669357	0.764299	0.711321	0.354757	0.639688	0.367172	0.576438	0.568939	0.0545231	0.431085	
0.35182	0.344026	0.214562	0.648558	0.389506	0.463822	0.454466	0.0891894	0.46259	0.532905	0.380304	0.610396	0.412692	0.343775	0.865483	0.283778	0.264618	0.280816	0.366145	0.194794	
0.270668	0.432887	0.0993373	0.374678	0.566338	0.287688	0.552259	0.21225	0.450543	0.689962	0.382966	0.374704	0.610225	0.603281	0.696494	0.558218	0.403494	0.515605	0.435643	0.161312	
0.535081	0.118166	0.221415	0.663298	0.660724	0.594795	0.717972	0.210199	0.689321	0.804223	0.108997	0.451741	0.325487	0.585869	1.00859	0.510332	0.118313	0.285934	0.618656	0.161227	
0.630068	0.709563	0.506743	0.297175	0.997466	0.537351	0.950931	0.635943	0.79712	1.10715	0.600934	0.193214	0.938367	1.04864	0.77572	1.00092	0.733292	0.891619	0.836153	0.542882	
0.343939	0.778019	0.452338	0.0945829	0.739178	0.206365	0.648362	0.553444	0.466325	0.81673	0.708575	0.474522	0.96322	0.858561	0.411931	0.838529	0.755874	0.864052	0.547753	0.51393	
0.414348	0.930353	0.597645	0.217819	0.788977	0.273584	0.672453	0.686196	0.47985	0.841167	0.866118	0.627531	1.10529	0.938592	0.264661	0.931126	0.901974	0.997389	0.590506	0.660143	
0.245821	0.405461	0.150175	0.533519	0.401035	0.346717	0.423157	0.101197	0.38421	0.535772	0.408264	0.545404	0.517121	0.417283	0.753772	0.373331	0.341378	0.39385	0.31643	0.168604	
0.330133	0.501448	0.351676	0.711288	0.223133	0.469159	0.308999	0.246882	0.372342	0.367127	0.546873	0.751339	0.520172	0.214117	0.829131	0.188881	0.416071	0.375215	0.247629	0.350171	
0.319106	0.924602	0.587052	0.349532	0.648214	0.214061	0.517201	0.645832	0.326178	0.682441	0.881128	0.723897	1.06966	0.820197	0.20134	0.825943	0.880187	0.946883	0.451815	0.647929	
