10	20
89.3717	69.7454
83.325	13.9315
141.72	145.267
57.7702	71.0644
169.236	145.216
19.3152	39.3549
54.117	64.9038
45.8132	76.1235
106.031	90.1402
133.314	58.5458
7.96338
20.6869
8.1902
18.9844
19.3473
3.89941
6.99898
13.8014
13.2668
7.66376
9.3238
19.065
19.4821
15.4104
4.178
15.7115
20.8988
0.479854
16.5032
16.2421
0.434909	0.340484	0.332404	0.59415	0.384664	0.754483	0.460958	0.601267	0.455584	0.0834062	0.253491	0.253677	0.546643	0.686355	0.255152	0.753092	0.399399	0.51751	0.330506	0.385398	
0.317276	0.339176	0.110587	0.70341	0.617116	0.564663	0.374236	0.441803	0.400452	0.27921	0.122875	0.494196	0.349123	0.464372	0.348621	0.671712	0.641458	0.316763	0.567725	0.286893	
0.308927	0.398018	0.0814841	0.764902	0.719308	0.49153	0.375179	0.393589	0.414224	0.385434	0.173703	0.599344	0.281356	0.372837	0.424439	0.65433	0.746521	0.264699	0.671584	0.311195	
0.375724	0.511805	0.213459	0.885992	0.88188	0.423384	0.444174	0.385629	0.494982	0.548091	0.319306	0.764208	0.256369	0.270363	0.568026	0.675232	0.9112	0.249729	0.835499	0.395908	
0.698188	0.106166	0.475131	1.02174	0.78223	0.899752	0.755469	0.806879	0.779003	0.376696	0.49998	0.648241	0.694662	0.762374	0.665489	1.05256	0.771837	0.289213	0.723617	0.103722	
0.499393	0.239036	0.268661	0.901356	0.76013	0.675084	0.562607	0.589574	0.595293	0.360819	0.323369	0.627407	0.472753	0.53778	0.542549	0.849494	0.769992	0.143304	0.704994	0.121939	
0.481072	0.471056	0.290102	0.976864	0.931258	0.526563	0.550014	0.498243	0.598593	0.564802	0.391857	0.806362	0.36899	0.366168	0.643406	0.787883	0.953348	0.156628	0.881029	0.342056	
0.425745	1.06628	0.656624	0.47613	0.847488	0.469679	0.364733	0.390708	0.344961	0.873771	0.620849	0.83444	0.51572	0.601191	0.555571	0.104674	0.914937	0.988335	0.84875	1.02515	
0.222725	0.850132	0.451436	0.403035	0.683578	0.404041	0.155708	0.259587	0.128402	0.659989	0.40628	0.648035	0.358675	0.484523	0.354781	0.180762	0.747076	0.79244	0.674403	0.813183	
0.533194	1.01599	0.721658	0.128935	0.568263	0.760804	0.468471	0.617617	0.413276	0.761429	0.637327	0.608435	0.703633	0.840832	0.433273	0.444713	0.637321	1.0637	0.591134	1.02353	
