15	20
108.022	70.6855
150.898	14.832
101.817	24.9757
97.9433	19.4222
171.946	102.556
94.8287	56.8665
91.5436	136.444
126.26	100.024
56.1644	17.3856
148.855	54.261
34.0981	145.464
146.583	132.475
138.409	138.969
36.7545	73.9355
155.6	50.3081
30.3058
28.5624
6.40963
49.6794
26.1122
12.409
19.1401
9.54439
51.0644
14.3031
6.88669
37.8315
49.9899
36.8514
39.8699
21.5946
18.5046
53.4072
48.3449
8.49079
0.816623	0.819492	0.945974	0.255867	0.208657	0.686592	0.226366	0.721143	0.491491	0.160686	0.634397	0.237409	0.778793	0.231683	0.212315	0.203537	0.339087	0.575358	0.509723	0.573706	
0.787911	0.810045	0.807348	0.580782	0.424623	0.988481	0.543486	0.702486	0.74272	0.682661	1.10562	0.841971	0.177647	0.590216	0.716436	0.542309	0.808961	0.71888	0.751615	0.915571	
0.836979	0.855046	0.887782	0.506258	0.272656	0.956705	0.379753	0.742791	0.709786	0.527106	1.02859	0.701946	0.318374	0.508498	0.614414	0.380398	0.721909	0.713949	0.722038	0.869374	
0.85808	0.88204	0.857938	0.691422	0.525822	1.08918	0.63513	0.778665	0.84527	0.782406	1.21532	0.949064	0.066207	0.701379	0.828128	0.636395	0.920095	0.813476	0.853236	1.02024	
0.884681	0.886896	1.01575	0.322088	0.237325	0.73401	0.208663	0.78981	0.550826	0.0960702	0.654581	0.194214	0.823105	0.296847	0.251722	0.1883	0.374214	0.63981	0.569178	0.619529	
0.230194	0.222634	0.395797	0.356223	0.67534	0.298631	0.79353	0.164562	0.157973	0.771841	0.55	0.730974	0.875696	0.380331	0.467991	0.772255	0.420247	0.0382691	0.144043	0.289127	
0.559498	0.552494	0.719577	0.16518	0.495099	0.338164	0.568332	0.481824	0.175578	0.493152	0.362856	0.40789	0.916276	0.164486	0.152865	0.545222	0.0975556	0.292261	0.192794	0.226521	
0.635001	0.650072	0.710489	0.304051	0.251866	0.735258	0.397432	0.53734	0.487805	0.483978	0.829849	0.599862	0.453402	0.313168	0.442716	0.385158	0.531908	0.49127	0.499496	0.651986	
0.664107	0.666654	0.796565	0.103504	0.266804	0.56028	0.348648	0.569235	0.346497	0.313586	0.566064	0.333402	0.74655	0.081255	0.148165	0.325907	0.257117	0.423514	0.364344	0.452706	
0.637366	0.623443	0.807854	0.33161	0.639116	0.277476	0.689472	0.578098	0.263326	0.581657	0.194672	0.435458	1.08484	0.326673	0.251345	0.666621	0.124433	0.382216	0.272806	0.17113	
0.692946	0.712364	0.737526	0.441861	0.328625	0.855604	0.46459	0.60115	0.608656	0.582705	0.966532	0.72293	0.314602	0.451808	0.580789	0.458275	0.670493	0.593764	0.618453	0.779255	
0.537433	0.551836	0.620278	0.256851	0.324823	0.650165	0.468401	0.439237	0.40302	0.528544	0.77053	0.611188	0.509799	0.273438	0.416255	0.453039	0.485942	0.395625	0.413058	0.574125	
0.896853	0.912049	0.965559	0.489617	0.186012	0.959006	0.266563	0.799315	0.717349	0.424197	0.994125	0.614548	0.429436	0.485343	0.567498	0.270486	0.685152	0.741614	0.731711	0.862467	
0.542129	0.561394	0.593663	0.368328	0.391825	0.728987	0.537289	0.450204	0.48645	0.620197	0.873392	0.719083	0.417908	0.385917	0.529261	0.525245	0.595887	0.454782	0.493669	0.663475	
0.749863	0.746916	0.898635	0.209543	0.368423	0.539688	0.396176	0.662667	0.3822	0.288896	0.463022	0.206442	0.898375	0.183443	0.060396	0.373693	0.174858	0.488244	0.400313	0.424393	
