10	30
70.5974	84.7697
147.3	107.601
171.405	26.2426
88.1107	120.061
139.958	83.0223
32.7034	90.0868
17.1499	65.6915
101.311	131.275
68.4847	65.1532
58.8484	121.771
17.113
23.1398
10.7527
5.13205
11.5891
18.4756
6.66268
25.4615
1.07569
18.9469
22.2775
23.8058
0.890078
24.5582
17.7502
23.7462
18.7512
24.4239
6.02465
12.9035
21.93
0.38588
5.64241
0.211948
2.83319
11.5896
28.8736
15.6575
20.4483
26.7843
0.367515	0.867774	0.965759	0.358126	0.655109	0.234333	0.620313	0.108484	0.965983	0.555271	0.485165	0.119465	0.0846792	0.582485	0.186761	0.416975	0.420733	0.409646	0.146615	0.971258	0.471957	0.666041	0.49788	0.802579	0.72124	0.852203	0.776907	0.152787	0.824037	0.866146	
0.901742	0.590803	0.71589	0.799314	0.215331	0.819296	0.419081	0.781018	0.633194	0.361454	1.06511	0.909759	0.794815	0.278111	0.922866	0.470559	1.02842	1.04067	0.718134	0.605962	1.04175	0.941428	0.372932	0.550306	0.135782	0.244341	0.362921	0.804599	0.881535	0.140491	
0.25259	0.838321	0.922084	0.273971	0.703561	0.369656	0.6235	0.243257	0.935734	0.654532	0.351499	0.0240123	0.219905	0.66431	0.0511465	0.447625	0.286918	0.274235	0.268435	0.945819	0.339822	0.563413	0.540452	0.777286	0.776479	0.879181	0.784106	0.106898	0.742876	0.947098	
0.668176	0.490751	0.623799	0.566471	0.0357636	0.638877	0.234151	0.57527	0.563587	0.265806	0.832925	0.681097	0.5857	0.161073	0.690123	0.235396	0.794459	0.806148	0.512025	0.546821	0.80965	0.73554	0.137835	0.431725	0.101502	0.26072	0.273739	0.572477	0.713899	0.318008	
0.35724	0.314127	0.380863	0.277556	0.479812	0.766485	0.259499	0.633813	0.406204	0.673326	0.471381	0.562602	0.625444	0.599219	0.518506	0.338376	0.465372	0.48838	0.594632	0.423054	0.449833	0.263355	0.3883	0.266448	0.552798	0.513855	0.370567	0.452954	0.263694	0.790841	
0.774526	0.353975	0.478637	0.671674	0.189655	0.85741	0.244725	0.781194	0.397581	0.478338	0.925739	0.851982	0.788555	0.372334	0.846211	0.398165	0.900381	0.917289	0.719069	0.371969	0.902479	0.74961	0.318601	0.317416	0.183261	0.0384979	0.131886	0.735036	0.659789	0.376481	
0.773003	0.115339	0.0837583	0.693718	0.560891	1.1103	0.401311	0.995186	0.0227114	0.84997	0.869514	0.968494	0.992769	0.747011	0.931034	0.614399	0.873979	0.898487	0.943633	0.0520455	0.850112	0.580808	0.594581	0.182997	0.590616	0.411365	0.314914	0.852563	0.387539	0.795361	
0.461001	0.546398	0.668571	0.366064	0.261555	0.458889	0.259925	0.36569	0.639244	0.300098	0.628925	0.448665	0.371481	0.255939	0.458644	0.0502454	0.583183	0.591487	0.305193	0.634737	0.606365	0.602334	0.100807	0.478226	0.333752	0.456495	0.398447	0.340482	0.650634	0.521158	
0.711423	0.0569018	0.165909	0.623732	0.444715	1.00447	0.289788	0.894008	0.0943706	0.733226	0.825094	0.884336	0.893094	0.630333	0.852843	0.506228	0.821464	0.844484	0.840292	0.0852539	0.804166	0.563318	0.480439	0.0912146	0.47725	0.309777	0.199722	0.766083	0.403761	0.689142	
0.379072	0.951636	1.04122	0.400819	0.768584	0.295159	0.719249	0.207063	1.04965	0.66969	0.459281	0.10484	0.18492	0.699045	0.171092	0.524436	0.395885	0.378419	0.257978	1.05766	0.451171	0.691039	0.609373	0.888559	0.836087	0.960758	0.878229	0.212279	0.870647	0.982612	
