10	40
28.8228	158.193
84.2736	65.6057
149.581	75.335
2.42382	158.279
147.321	57.0886
5.51649	70.6233
32.9691	149.626
43.9162	149.937
116.147	24.3902
109.029	137.275
4.54488
8.72963
10.6176
10.5484
0.632189
7.19604
6.10914
1.38096
15.1338
3.37165
8.68311
2.23092
1.15093
13.5771
9.08926
11.5194
7.75356
8.5307
3.50422
7.88805
14.2189
13.3207
15.1334
14.0741
12.92
5.39759
16.528
4.61457
1.01614
11.1355
17.7297
9.61878
13.3834
4.89147
0.200765
14.7464
10.1097
7.39502
3.96865
16.1896
0.175032	0.28791	0.719078	0.790626	0.551821	0.392709	0.793872	0.46748	0.725869	0.562701	0.0634299	0.560296	0.468564	0.549583	0.797473	0.731902	0.367265	0.68879	0.716158	0.615241	0.454778	0.741155	0.806777	0.221202	0.317912	0.62513	0.286709	0.582223	0.312108	0.145312	0.596361	0.749425	0.352914	0.49135	0.479653	0.291878	0.7364	0.208044	0.357816	0.323202	
0.58262	0.175741	0.672912	0.42644	0.666181	0.220211	0.625711	0.859055	0.687827	0.254942	0.411296	0.542971	0.766181	0.511698	0.861683	0.712242	0.765036	0.276043	0.532508	0.709157	0.10295	0.82853	0.42577	0.239858	0.151347	0.809519	0.351947	0.461471	0.370798	0.280322	0.884139	0.734129	0.149914	0.840928	0.688576	0.612064	0.329935	0.219683	0.752347	0.643409	
0.911619	0.571557	0.617677	0.0438293	0.761016	0.401348	0.453799	1.1484	0.635469	0.225434	0.74484	0.573286	0.981472	0.539569	0.859068	0.66994	1.06831	0.176377	0.385844	0.773015	0.322217	0.854719	0.0354744	0.554583	0.547125	0.924614	0.746924	0.436142	0.764172	0.65578	1.07325	0.689169	0.540569	1.08956	0.852035	0.873246	0.123286	0.565613	1.05295	0.898086	
0.760413	0.340169	0.727843	0.312746	0.779937	0.330555	0.627598	1.03269	0.744645	0.251322	0.588591	0.625796	0.921826	0.591345	0.944524	0.774267	0.940415	0.110349	0.538774	0.8129	0.181601	0.921624	0.293416	0.409442	0.310706	0.934471	0.499308	0.513957	0.512206	0.458358	1.03399	0.795936	0.293173	1.00607	0.826914	0.777464	0.172046	0.396231	0.927248	0.807667	
0.454732	0.445407	0.327457	0.540743	0.261717	0.192429	0.40321	0.627445	0.336821	0.325326	0.33963	0.169487	0.438022	0.152709	0.466069	0.349586	0.562834	0.556428	0.336583	0.304409	0.342944	0.426759	0.578286	0.245809	0.452413	0.41282	0.583381	0.194697	0.612033	0.386769	0.531797	0.369618	0.482961	0.550849	0.313403	0.350485	0.573383	0.297352	0.546121	0.369332	
0.742747	0.907443	0.268445	0.855453	0.232315	0.64618	0.475835	0.726938	0.251576	0.715012	0.720934	0.329114	0.466571	0.36349	0.0360534	0.216416	0.727073	0.958765	0.504894	0.170664	0.789735	0.0427288	0.90593	0.70162	0.91677	0.227424	1.02717	0.450781	1.05606	0.826264	0.439048	0.202008	0.9483	0.588755	0.336327	0.556494	0.954443	0.752942	0.712353	0.544095	
0.0427111	0.445996	0.77278	0.931835	0.560186	0.523789	0.88213	0.319906	0.776128	0.699961	0.172358	0.620529	0.387966	0.618397	0.802862	0.775012	0.218702	0.843859	0.813766	0.624592	0.605519	0.741124	0.952004	0.362923	0.476448	0.591096	0.412942	0.673192	0.433443	0.304583	0.508734	0.789518	0.510678	0.372371	0.451732	0.231535	0.889236	0.360822	0.212623	0.25319	
0.15081	0.438131	0.589699	0.809084	0.380179	0.400016	0.708578	0.350325	0.59268	0.576582	0.144067	0.439465	0.27808	0.439873	0.625282	0.591198	0.267129	0.758861	0.646188	0.444791	0.515031	0.565192	0.836723	0.277005	0.463219	0.432783	0.478933	0.503956	0.505488	0.302938	0.405907	0.605702	0.50072	0.326867	0.287814	0.102979	0.795014	0.301234	0.251689	0.135879	
0.450779	0.76606	0.490037	0.953656	0.227978	0.607405	0.685859	0.377557	0.481887	0.74886	0.496964	0.415596	0.12139	0.442024	0.38109	0.459547	0.387417	0.979862	0.667126	0.260804	0.755011	0.317347	0.995354	0.569523	0.785944	0.122633	0.831994	0.546943	0.859132	0.645229	0.117394	0.461488	0.822767	0.239065	0.111024	0.266136	0.997771	0.611465	0.374301	0.240641	
0.619505	0.829468	0.317996	0.866579	0.14535	0.597311	0.529209	0.594117	0.305087	0.696539	0.614393	0.311071	0.333543	0.345456	0.163524	0.275105	0.594685	0.940366	0.535684	0.111378	0.746703	0.100107	0.914218	0.622126	0.84245	0.0964515	0.933589	0.447898	0.962235	0.734251	0.313416	0.270273	0.87626	0.456625	0.209338	0.431011	0.944745	0.671805	0.58015	0.416115	
