15	20
29.3836	67.5048
172.673	19.3405
6.53705	18.0333
115.738	71.1698
117.131	49.5915
60.8756	91.3979
34.7297	19.233
121.312	157.508
91.7873	42.4744
104.701	19.6546
155.522	49.659
144.182	52.4105
101.426	120.319
43.1484	155.115
79.6604	122.999
22.1207
10.2555
33.3737
30.6469
2.09437
57.8757
36.788
5.62659
31.7285
0.253507
8.39007
29.6988
53.7795
34.6797
31.9555
58.7458
2.05878
37.4576
25.5081
15.1681
0.158591	0.357589	0.378681	0.477745	0.588463	0.348291	0.425893	0.369663	0.540294	0.64121	0.552769	0.152424	0.615457	0.770736	0.510705	0.129957	0.255966	0.221988	0.0903646	0.429118	
0.501774	0.670126	0.544227	0.555579	0.404111	0.724846	0.226155	0.0982894	0.398737	0.402083	0.35151	0.58838	0.542875	0.51794	0.141973	0.592427	0.680747	0.534052	0.399114	0.350336	
0.515131	0.510701	0.926055	0.232121	0.114136	0.975254	0.297283	0.501377	0.11461	0.912032	0.853551	0.628468	0.0553114	0.207018	0.380656	0.737972	0.656603	0.48348	0.633479	0.81334	
0.516279	0.660954	0.636461	0.506415	0.317063	0.798527	0.1718	0.16338	0.320576	0.494886	0.449803	0.61528	0.465595	0.418428	0.0477466	0.641673	0.699419	0.53746	0.456283	0.450442	
0.82643	0.927484	0.966777	0.697054	0.414299	1.14339	0.442322	0.507237	0.459723	0.719215	0.709638	0.935527	0.562417	0.34691	0.33959	0.980007	1.00761	0.832023	0.799718	0.755684	
0.609996	0.725894	0.77297	0.524178	0.27258	0.9304	0.228329	0.298802	0.299425	0.599628	0.56659	0.717267	0.433251	0.315381	0.120833	0.760344	0.792418	0.619867	0.582237	0.581782	
0.403861	0.611602	0.245107	0.634263	0.615855	0.430316	0.411784	0.233345	0.585834	0.360882	0.272442	0.432483	0.707488	0.772491	0.417792	0.366522	0.536145	0.462295	0.190073	0.154356	
0.425557	0.633757	0.190622	0.675561	0.668434	0.389578	0.464878	0.287702	0.637216	0.362594	0.27457	0.440092	0.756297	0.826508	0.472115	0.356808	0.542931	0.486437	0.201388	0.143006	
0.516956	0.54566	0.8833	0.280618	0.0335332	0.955836	0.236909	0.438434	0.0706527	0.839675	0.785062	0.632883	0.136167	0.168943	0.302364	0.729301	0.673782	0.495067	0.60519	0.754034	
0.344357	0.551359	0.286085	0.572986	0.567515	0.432047	0.365732	0.207072	0.534504	0.414218	0.326668	0.380927	0.651848	0.730054	0.388544	0.330792	0.484403	0.401641	0.141374	0.21553	
0.335709	0.543865	0.262408	0.582489	0.591603	0.397918	0.391821	0.240268	0.556633	0.430837	0.342481	0.362424	0.669926	0.75703	0.420514	0.302558	0.466096	0.39527	0.120096	0.222934	
0.161064	0.364393	0.375264	0.472102	0.574128	0.359903	0.408539	0.349615	0.526679	0.625562	0.537255	0.167721	0.605315	0.755837	0.491511	0.149019	0.271388	0.224705	0.0751024	0.415228	
0.559131	0.759646	0.365539	0.721138	0.623063	0.604724	0.42662	0.224017	0.608836	0.205072	0.131483	0.608213	0.747856	0.747155	0.37086	0.555629	0.711192	0.6103	0.370208	0.135338	
0.370397	0.479733	0.416069	0.699414	0.860199	0.18082	0.707399	0.637656	0.809168	0.809481	0.724229	0.264229	0.863801	1.04403	0.790828	0.153162	0.293564	0.413249	0.335403	0.588705	
0.362297	0.466103	0.668582	0.293068	0.184967	0.754875	0.0425435	0.237546	0.153532	0.656902	0.592683	0.475512	0.286652	0.357309	0.175355	0.545421	0.540758	0.363851	0.399288	0.546702	
