15	40
60.2684	38.0723
58.9366	50.4834
56.791	67.1479
11.6027	63.9494
51.1987	125.771
77.3658	96.7422
71.3411	20.1915
34.2078	158.477
63.0999	10.0682
37.4079	153.062
29.61	146.861
39.2261	25.7288
13.0286	152.292
71.9244	101.398
47.5496	151.083
8.50958
10.0264
3.53932
14.9547
0.304594
18.6574
2.23436
10.2239
14.7512
13.6459
18.6894
16.7213
11.0213
11.9924
11.7212
13.5372
14.6131
3.27277
18.5042
6.39095
14.1894
18.3546
16.3301
10.4011
6.13113
8.35637
16.9452
8.57038
17.5028
10.8912
14.5698
9.81001
12.1534
11.2139
1.49057
7.5607
9.13557
15.7204
6.37142
14.7667
0.636687	0.375029	0.371601	0.107613	0.444666	0.362654	0.149189	0.188231	0.333846	0.275565	0.311445	0.370065	0.315824	0.203178	0.192556	0.382546	0.218359	0.44544	0.231655	0.0980298	0.0244169	0.489307	0.525943	0.233632	0.292562	0.390893	0.44662	0.186836	0.479956	0.263535	0.567854	0.260083	0.616632	0.46798	0.361936	0.288031	0.59575	0.186759	0.175038	0.360393	
0.79848	0.555427	0.731091	0.438473	0.416834	0.401301	0.447893	0.369852	0.586251	0.336803	0.374574	0.702011	0.500025	0.195957	0.175551	0.502309	0.145235	0.637619	0.582994	0.451336	0.353345	0.745929	0.279365	0.591069	0.368176	0.75037	0.805409	0.367059	0.600811	0.618699	0.663059	0.429078	0.800283	0.811372	0.544785	0.631635	0.289586	0.546	0.203501	0.404191	
1.02121	0.758531	0.569164	0.483264	0.772255	0.709167	0.531219	0.196565	0.245957	0.133568	0.66072	0.443226	0.698243	0.467198	0.349332	0.756434	0.37143	0.210683	0.551208	0.453067	0.405177	0.86349	0.731324	0.531391	0.103683	0.583824	0.69006	0.197825	0.858123	0.461338	0.94357	0.136124	1.00092	0.55453	0.144214	0.428267	0.746773	0.443072	0.436089	0.708638	
0.938149	0.712559	0.288072	0.435816	0.846057	0.759285	0.48408	0.327079	0.12077	0.396012	0.70891	0.123177	0.666674	0.596188	0.527266	0.751289	0.558754	0.196733	0.394823	0.391754	0.428592	0.724694	0.918037	0.360769	0.375266	0.294027	0.412294	0.329778	0.831724	0.239657	0.920804	0.285496	0.902975	0.206384	0.218215	0.181082	0.971296	0.29173	0.563402	0.756225	
0.341652	0.164923	0.370364	0.234904	0.419	0.334936	0.194525	0.520896	0.587205	0.616117	0.311796	0.495327	0.166535	0.424443	0.49685	0.245443	0.510098	0.719691	0.201763	0.262074	0.327525	0.148598	0.647388	0.236093	0.630716	0.381578	0.334762	0.520142	0.27434	0.358364	0.353469	0.581534	0.307088	0.526888	0.656823	0.416653	0.750752	0.311226	0.42213	0.329479	
0.213464	0.474326	0.900464	0.757127	0.579363	0.581284	0.706202	1.03674	1.13594	1.11506	0.613589	1.0423	0.535243	0.823158	0.937343	0.491721	0.935121	1.26661	0.753103	0.794953	0.827533	0.430156	0.838934	0.786953	1.13675	0.906972	0.822559	1.03529	0.387437	0.908534	0.319503	1.1073	0.244744	1.05613	1.19706	0.967094	0.946503	0.86224	0.841359	0.578652	
0.782636	0.547643	0.222189	0.266786	0.67784	0.590409	0.315697	0.222402	0.146934	0.32065	0.540226	0.136609	0.499581	0.440933	0.390633	0.582971	0.421902	0.280921	0.245937	0.222715	0.264042	0.581166	0.764987	0.215606	0.312381	0.237702	0.342709	0.224332	0.665802	0.116277	0.755205	0.223184	0.750524	0.248762	0.237618	0.0829021	0.827153	0.132524	0.409689	0.587275	
0.77329	0.508624	0.514115	0.278294	0.494016	0.433551	0.312131	0.132888	0.348937	0.145714	0.386627	0.465377	0.44685	0.189062	0.0779313	0.491922	0.107226	0.416673	0.401506	0.269926	0.180868	0.651719	0.478709	0.398718	0.174623	0.533005	0.605699	0.130034	0.596004	0.396869	0.677752	0.202268	0.760075	0.577372	0.322611	0.400638	0.518924	0.333879	0.157813	0.433418	
0.81188	0.560364	0.690399	0.411713	0.449434	0.422263	0.427676	0.31322	0.528874	0.276032	0.38943	0.651939	0.50219	0.190002	0.132518	0.515266	0.106685	0.577222	0.552868	0.419263	0.320702	0.741379	0.33705	0.557806	0.307347	0.709591	0.771128	0.310472	0.616948	0.575718	0.684755	0.369836	0.809989	0.763082	0.484636	0.584733	0.35044	0.506093	0.187103	0.424479	
0.36293	0.223607	0.709802	0.416532	0.0606804	0.0943681	0.37292	0.622344	0.78982	0.670576	0.14537	0.785103	0.22232	0.340868	0.46316	0.138507	0.451354	0.900161	0.512768	0.460076	0.432033	0.423772	0.333619	0.543917	0.698455	0.725579	0.708011	0.620054	0.173931	0.648898	0.204013	0.700457	0.381897	0.853366	0.812967	0.69685	0.445303	0.572824	0.36847	0.096165	
0.746644	0.609989	0.147438	0.458217	0.839279	0.747581	0.476019	0.577692	0.465417	0.680071	0.708687	0.265835	0.594495	0.708738	0.704788	0.68319	0.732882	0.575705	0.318112	0.43218	0.525997	0.509754	1.01313	0.296985	0.673035	0.128642	0.113436	0.579222	0.721495	0.26543	0.797686	0.583534	0.700501	0.184143	0.572977	0.27782	1.09813	0.331107	0.686082	0.742676	
0.585319	0.525267	0.302175	0.493526	0.785842	0.701458	0.48686	0.703377	0.6473	0.810242	0.674986	0.462793	0.53342	0.742419	0.775348	0.60984	0.798123	0.771179	0.352985	0.487035	0.584794	0.360677	1.00663	0.354573	0.811132	0.292738	0.175566	0.704124	0.615413	0.400433	0.675365	0.730903	0.535988	0.40656	0.749836	0.439626	1.10528	0.43048	0.728737	0.696029	
0.42075	0.15669	0.474983	0.174531	0.250936	0.158593	0.130535	0.41627	0.55767	0.488065	0.115659	0.542512	0.0951332	0.220904	0.317919	0.150025	0.32251	0.675913	0.278605	0.21843	0.209005	0.332937	0.437882	0.307049	0.510824	0.491856	0.491768	0.414481	0.248956	0.406917	0.335804	0.491166	0.409601	0.613374	0.594247	0.454252	0.537579	0.330243	0.22788	0.154326	
0.798576	0.540886	0.370962	0.255091	0.605644	0.528148	0.305484	0.0621984	0.180463	0.166746	0.477094	0.293979	0.483228	0.326302	0.24749	0.552304	0.278941	0.27774	0.318572	0.221062	0.19374	0.63057	0.642397	0.301329	0.166481	0.388455	0.48047	0.0638344	0.648843	0.253512	0.737157	0.0989589	0.774928	0.408691	0.192157	0.240638	0.691774	0.215869	0.292498	0.526322	
0.161338	0.248141	0.758203	0.534835	0.292647	0.299265	0.48333	0.793148	0.925342	0.859701	0.337112	0.872142	0.298115	0.548842	0.667596	0.228265	0.661705	1.0488	0.57676	0.577456	0.58598	0.339274	0.556929	0.611724	0.88434	0.76983	0.716387	0.791302	0.130511	0.731978	0.0413663	0.86831	0.200673	0.913961	0.969895	0.787831	0.666565	0.669133	0.570641	0.297287	
