15	30
80.4235	128.332
8.77751	105.783
170.949	129.727
124.838	101.498
127.667	108.388
162.853	127.657
55.6731	75.9238
145.26	37.355
5.89978	152.966
103.897	141.124
98.0799	75.7445
38.9236	103.032
105.39	81.3548
109.43	82.0637
14.8194	69.174
26.123
0.482623
5.41591
12.8559
19.5527
3.01849
16.1393
19.5034
10.7053
28.6491
7.20687
19.0008
15.768
19.8912
19.0818
6.15224
26.9424
24.4391
9.28859
7.03483
30.2553
29.3752
16.995
14.1436
24.2605
10.0997
23.1668
18.1369
16.7494
26.2738
0.472686	0.277133	0.248901	0.470655	0.469089	0.456322	0.505735	0.654026	0.110244	0.7136	0.606689	0.176266	0.24634	0.0922479	0.571494	0.559499	0.240047	0.202211	0.523518	0.765195	0.19391	0.151779	0.195065	0.821885	0.533809	0.556082	0.417034	0.478833	0.293538	0.522893	
0.546515	0.218666	0.413953	0.613892	0.309873	0.581651	0.496559	0.481509	0.279917	0.648441	0.481428	0.335764	0.414123	0.19402	0.471095	0.612035	0.108565	0.149033	0.535971	0.599212	0.315945	0.0207534	0.135496	0.654765	0.670201	0.442039	0.540411	0.381049	0.121692	0.453007	
0.735811	0.600193	0.380685	0.202841	0.622391	0.14689	0.821547	0.862211	0.255873	0.61144	0.649152	0.373307	0.362871	0.407787	0.568209	0.836042	0.537607	0.331332	0.829566	1.01736	0.455898	0.42081	0.513992	1.06894	0.242664	0.869905	0.105702	0.496186	0.543794	0.847137	
0.729792	0.378535	0.573196	0.676028	0.152773	0.621253	0.657537	0.386045	0.412996	0.488703	0.29716	0.500198	0.569558	0.372144	0.294928	0.79135	0.248722	0.15282	0.704698	0.554065	0.495331	0.198004	0.310255	0.601462	0.719024	0.522922	0.581042	0.210851	0.156055	0.578569	
0.830515	0.525931	0.589378	0.566615	0.29107	0.495437	0.804266	0.544168	0.412796	0.348926	0.285752	0.532114	0.579783	0.446227	0.217912	0.90734	0.404682	0.172364	0.841903	0.72973	0.560744	0.309771	0.442582	0.772717	0.595153	0.708092	0.459255	0.133719	0.335373	0.749803	
0.895971	0.7172	0.548482	0.292148	0.62889	0.202479	0.960807	0.880826	0.410122	0.488752	0.595128	0.535199	0.530976	0.545453	0.499618	0.993772	0.631931	0.387505	0.975855	1.05744	0.611516	0.512594	0.627251	1.104	0.290624	0.966073	0.184928	0.449478	0.610033	0.96469	
0.630912	0.308348	0.458004	0.591602	0.262633	0.54725	0.587069	0.472666	0.300514	0.558097	0.404681	0.384987	0.45461	0.260874	0.38514	0.700052	0.18951	0.0747181	0.626564	0.617206	0.383726	0.0960554	0.226152	0.669459	0.641347	0.511016	0.506023	0.293731	0.148111	0.536593	
0.814179	0.431759	0.740666	0.885802	0.0894537	0.831831	0.678197	0.175598	0.59856	0.575382	0.300002	0.662166	0.740742	0.515956	0.363182	0.852685	0.320054	0.359484	0.738932	0.357037	0.632747	0.34688	0.402682	0.399006	0.929581	0.444855	0.791627	0.321186	0.216587	0.54947	
0.287491	0.117291	0.318108	0.677406	0.546301	0.68021	0.264954	0.645087	0.31049	0.907511	0.739817	0.249409	0.330538	0.151685	0.733915	0.349299	0.214209	0.389837	0.286744	0.690367	0.161803	0.254813	0.135775	0.749259	0.745836	0.386157	0.643459	0.643746	0.323466	0.30763	
0.160898	0.360675	0.504333	0.91503	0.81496	0.938492	0.117631	0.845493	0.581294	1.21285	1.02587	0.473355	0.523016	0.446859	1.03166	0.0976608	0.490373	0.697927	0.0468256	0.81869	0.382487	0.559466	0.429739	0.87314	0.986198	0.445293	0.906538	0.943894	0.596727	0.296586	
0.884957	0.565085	0.654681	0.626186	0.267134	0.551794	0.845141	0.517603	0.47838	0.298053	0.222468	0.59576	0.645462	0.503165	0.151034	0.958364	0.439172	0.228024	0.886368	0.711509	0.620282	0.355565	0.485869	0.750869	0.651073	0.724779	0.517082	0.0695171	0.357225	0.778555	
0.907521	0.743639	0.55281	0.265893	0.668454	0.175343	0.981714	0.920111	0.423914	0.520694	0.634849	0.545318	0.534736	0.565862	0.538766	1.00686	0.662499	0.421861	0.994266	1.0955	0.625338	0.542975	0.654195	1.14247	0.257442	0.997189	0.164758	0.489634	0.644599	0.991546	
0.787543	0.479911	0.898644	1.17416	0.494117	1.14198	0.560679	0.309909	0.82077	0.979326	0.695421	0.821119	0.907289	0.675261	0.767949	0.773747	0.471745	0.675681	0.631319	0.158749	0.748773	0.578867	0.528402	0.202831	1.23122	0.234027	1.10066	0.724823	0.454038	0.381524	
0.751832	0.41157	0.822117	1.07733	0.388312	1.04179	0.54389	0.231405	0.731176	0.875979	0.59535	0.74296	0.829214	0.593377	0.663936	0.75238	0.381871	0.571499	0.614255	0.164115	0.677602	0.48222	0.446695	0.222481	1.13264	0.224441	1.00044	0.618084	0.35171	0.371339	
0.330592	0.0879451	0.448748	0.802818	0.533123	0.799921	0.193461	0.579202	0.432385	0.949	0.746525	0.380645	0.461577	0.268635	0.758778	0.354779	0.215477	0.452523	0.244234	0.591304	0.292102	0.307328	0.175287	0.649492	0.870112	0.259769	0.76182	0.674125	0.317166	0.178866	
