10	30
148.979	158.109
105.118	120.367
16.2875	16.1537
146.546	142.612
147.448	57.5084
87.0809	156.127
105.516	52.1997
69.4186	128.625
97.1071	25.2463
30.5818	145.331
11.0471
13.5183
28.1744
23.6227
6.86311
5.63189
7.62078
34.0783
3.06994
33.0177
10.85
30.1044
15.9432
23.8672
4.04347
11.8253
4.7077
22.4463
23.4369
30.5951
26.6487
15.1805
10.5573
24.5706
19.2298
0.451993
27.9655
17.4709
2.48532
12.1154
0.570651	0.388838	0.722249	0.087208	0.587749	0.129891	0.828996	0.282907	0.515645	0.52787	0.680369	0.0633182	0.992138	0.332332	0.701393	0.326847	0.776274	0.807507	0.746729	0.865855	0.955089	0.81509	0.544235	0.41092	0.164681	0.704896	0.613932	0.463251	0.974518	0.32754	
0.539877	0.65465	0.328379	0.811114	1.01094	0.712788	0.0204945	0.96981	0.946853	0.476294	0.438819	0.872969	0.813772	0.486991	0.154829	0.902161	0.126686	0.567255	0.103629	0.726955	0.795835	0.63312	0.923806	0.448991	0.88853	0.737195	0.262674	0.354756	0.774636	1.01498	
0.207093	0.305289	0.172077	0.520371	0.65975	0.429431	0.37056	0.642145	0.59496	0.129442	0.183105	0.617177	0.602002	0.285784	0.332739	0.750082	0.392575	0.350128	0.251124	0.484388	0.572593	0.395978	0.572767	0.144234	0.673134	0.427685	0.089238	0.205312	0.569102	0.683869	
0.392866	0.456846	0.278939	0.586583	0.826142	0.488215	0.237515	0.750243	0.756493	0.312529	0.34708	0.650483	0.767325	0.265928	0.151335	0.706922	0.21965	0.509974	0.158541	0.656927	0.740976	0.564672	0.740506	0.23474	0.673697	0.613344	0.124051	0.133315	0.731767	0.796429	
0.440164	0.531042	0.273944	0.676211	0.895041	0.577902	0.148676	0.836666	0.827924	0.367032	0.365861	0.739972	0.773694	0.354676	0.110724	0.785548	0.156398	0.517392	0.0815955	0.672228	0.750655	0.578003	0.808444	0.317234	0.760365	0.652352	0.153394	0.221926	0.736269	0.882303	
0.651064	0.540693	0.698819	0.369027	0.844702	0.316307	0.667647	0.58204	0.76755	0.577305	0.706733	0.321408	1.09734	0.248357	0.517064	0.239145	0.582437	0.866094	0.625551	0.970365	1.06308	0.896563	0.783144	0.412669	0.265696	0.84616	0.548576	0.348892	1.07057	0.628805	
0.447382	0.249494	0.636801	0.0767444	0.431731	0.11164	0.809381	0.184787	0.357258	0.423197	0.574045	0.212	0.845821	0.344781	0.703207	0.488151	0.778782	0.681346	0.709827	0.721837	0.8085	0.680046	0.382897	0.351161	0.326992	0.553374	0.558707	0.455602	0.831179	0.233619	
0.282277	0.407622	0.125072	0.617757	0.754377	0.524211	0.277931	0.745746	0.69225	0.219143	0.201112	0.707478	0.615956	0.350495	0.273727	0.815065	0.320419	0.358388	0.154801	0.509708	0.590947	0.416078	0.667166	0.237498	0.753963	0.488214	0.0380604	0.238953	0.579675	0.787695	
0.207759	0.357987	0.082089	0.602217	0.687895	0.514046	0.353814	0.709383	0.629349	0.158114	0.120599	0.703862	0.540147	0.375026	0.355161	0.840045	0.402184	0.283053	0.23028	0.430456	0.51373	0.337629	0.600859	0.232571	0.762694	0.407087	0.103372	0.283941	0.504867	0.748656	
0.511018	0.310045	0.728305	0.179568	0.344267	0.248628	0.932875	0.0525588	0.280651	0.507611	0.649943	0.281285	0.859423	0.481458	0.834137	0.576385	0.909313	0.731549	0.827671	0.742809	0.822285	0.717657	0.320272	0.468833	0.40338	0.563391	0.670949	0.587261	0.850931	0.0982992	
