15	40
37.3631	63.245
30.0284	14.3333
26.6213	142.646
4.55475	63.1041
11.9065	75.7973
22.443	103.372
84.4601	16.6043
71.608	24.0672
46.8291	43.3012
74.0906	43.3469
45.3052	99.374
72.0057	94.9474
69.243	110.138
25.985	29.2116
18.9792	152.247
5.68958
13.2781
10.0349
13.6151
12.9859
4.56055
27.0314
29.8626
10.6886
3.86293
7.50802
23.4775
28.1671
7.7298
1.46065
15.4473
5.23308
12.6452
14.6101
28.5796
3.08994
26.2727
3.32564
27.903
19.0271
15.8974
6.64027
1.2478
9.55182
29.1718
12.1386
14.4056
15.7324
4.30625
16.9992
1.72616
20.6487
24.1352
0.0523741
9.12772
0.614933	0.473296	0.369099	0.297301	0.203991	0.389306	0.523857	0.703399	0.636213	0.361095	0.352884	0.362311	0.189131	0.132115	0.587208	0.428515	0.428172	0.135501	0.416245	0.528654	0.791434	0.162867	0.582239	0.354912	0.639393	0.459789	0.19554	0.403985	0.451263	0.552569	0.581579	0.344288	0.56035	0.669556	0.58048	0.217655	0.473223	0.254024	0.379085	0.376982	
0.50297	0.364499	0.542824	0.523787	0.489154	0.846586	0.868951	0.164529	0.349425	0.894131	0.801376	0.767258	0.638422	0.658215	0.297366	0.786291	0.497892	0.440077	0.536086	0.383297	0.473518	0.444081	0.634603	0.355732	0.461516	0.900101	0.575838	0.725105	0.431627	0.416262	0.224231	0.507571	0.828836	0.267984	0.0502808	0.691426	0.304588	0.335351	0.855563	0.848216	
0.275441	0.283247	0.851353	0.812486	0.561757	1.0915	0.793908	0.249587	0.110949	1.09427	0.812442	1.02977	0.703973	0.763023	0.147368	0.74153	0.826094	0.638871	0.857809	0.242374	0.116296	0.673079	0.45234	0.668491	0.821403	0.88326	0.822477	0.67744	0.343448	0.24417	0.168644	0.812443	0.715056	0.617742	0.30994	0.918334	0.652042	0.583405	1.09127	1.08633	
0.538263	0.583725	0.998594	0.926776	0.50998	0.955828	0.118046	0.964984	0.710006	0.843493	0.316176	0.967037	0.445937	0.518726	0.713312	0.207138	1.04548	0.70058	1.04207	0.59285	0.774308	0.757665	0.36193	0.92832	1.21666	0.258436	0.830411	0.238038	0.510253	0.576256	0.771569	0.969	0.102976	1.15332	0.904564	0.821447	1.01911	0.785051	0.931535	0.934895	
0.115509	0.234362	0.900346	0.849402	0.507134	1.08584	0.64522	0.42002	0.140021	1.06155	0.699491	1.03799	0.626414	0.699665	0.194412	0.608363	0.892422	0.638807	0.917091	0.178237	0.128885	0.685428	0.284301	0.732106	0.934062	0.753952	0.831922	0.54781	0.256689	0.151372	0.265176	0.860767	0.555518	0.757137	0.440992	0.909854	0.745659	0.617501	1.07985	1.07659	
0.238643	0.199314	0.765755	0.724305	0.471275	0.998805	0.728626	0.234325	0.0543282	1.00094	0.732235	0.938117	0.615989	0.672458	0.0560119	0.669409	0.744797	0.545875	0.77472	0.168022	0.180994	0.581043	0.407237	0.585604	0.758032	0.808202	0.73057	0.60469	0.265989	0.180619	0.085852	0.726544	0.657307	0.569784	0.253775	0.825324	0.579155	0.493636	0.998265	0.993396	
0.449787	0.33152	0.619354	0.595736	0.504497	0.911227	0.859187	0.0931713	0.282546	0.949048	0.810565	0.835257	0.65714	0.687091	0.237267	0.782072	0.578149	0.487269	0.615272	0.338914	0.395026	0.499579	0.595535	0.431568	0.54349	0.904355	0.638334	0.71888	0.403452	0.368545	0.162783	0.583061	0.809479	0.339359	0.038924	0.750615	0.387437	0.392815	0.918221	0.911358	
0.286294	0.352677	0.894643	0.826436	0.385717	0.943944	0.26148	0.727172	0.461146	0.866212	0.379053	0.929913	0.404443	0.491794	0.470008	0.256602	0.923693	0.585629	0.930424	0.351179	0.523224	0.645133	0.110168	0.784288	1.05745	0.395137	0.754828	0.216625	0.283175	0.330212	0.533499	0.859526	0.162525	0.957105	0.681561	0.782794	0.854632	0.639252	0.926609	0.927163	
0.307127	0.303416	0.846642	0.810231	0.577225	1.09576	0.82187	0.222414	0.135684	1.1032	0.835195	1.03177	0.721873	0.77836	0.162013	0.76745	0.818203	0.64453	0.851119	0.266249	0.142872	0.676242	0.483628	0.66208	0.804315	0.908232	0.825167	0.703094	0.366772	0.271092	0.168513	0.808055	0.744658	0.595793	0.293234	0.92372	0.639726	0.583415	1.09654	1.09132	
0.148485	0.139714	0.746678	0.684395	0.275008	0.868256	0.414881	0.518238	0.272292	0.82426	0.441962	0.834048	0.372781	0.451304	0.267056	0.360937	0.761201	0.448737	0.775246	0.14668	0.378573	0.504738	0.140958	0.61028	0.867154	0.504127	0.637595	0.297381	0.071469	0.13687	0.324506	0.708733	0.345829	0.749469	0.468485	0.694865	0.664606	0.470914	0.857678	0.855854	
0.3632	0.283359	0.714889	0.683717	0.514597	0.984257	0.824323	0.107395	0.181966	1.0064	0.803164	0.914385	0.666622	0.710188	0.153475	0.756298	0.681202	0.541802	0.715874	0.271841	0.277691	0.565143	0.524974	0.528128	0.660701	0.888458	0.711019	0.691598	0.356782	0.294012	0.0941292	0.677095	0.762074	0.455872	0.14964	0.816682	0.497961	0.464781	0.987994	0.981965	
0.301605	0.132808	0.561811	0.513213	0.273738	0.776266	0.620571	0.314662	0.230391	0.780036	0.571494	0.717362	0.426443	0.468955	0.173257	0.541411	0.554167	0.323118	0.578111	0.174737	0.39069	0.360015	0.397394	0.394254	0.620866	0.663579	0.509534	0.47866	0.187394	0.210806	0.16001	0.522218	0.577893	0.490649	0.226352	0.602546	0.422089	0.280473	0.775484	0.770651	
0.869364	0.702119	0.303471	0.345744	0.657044	0.657402	1.07311	0.563783	0.749345	0.770126	0.935578	0.562057	0.757108	0.725845	0.690886	0.977186	0.218516	0.482071	0.2602	0.741792	0.88686	0.435648	0.956221	0.244712	0.051824	1.04442	0.463006	0.930771	0.7472	0.777974	0.625437	0.296231	1.07197	0.215791	0.46612	0.571978	0.151267	0.382201	0.680736	0.670651	
0.526494	0.380654	0.50641	0.489361	0.481889	0.814903	0.871245	0.201842	0.379764	0.866687	0.795165	0.73421	0.628504	0.643444	0.325519	0.786318	0.460096	0.417884	0.498647	0.404031	0.50849	0.417766	0.651171	0.319918	0.425405	0.89585	0.545605	0.726306	0.44484	0.438066	0.254057	0.471629	0.835664	0.241259	0.0865801	0.662424	0.266169	0.308955	0.824737	0.817186	
0.829966	0.658074	0.185832	0.225953	0.57035	0.541699	0.980861	0.589814	0.731908	0.650786	0.833259	0.446861	0.656659	0.618459	0.671456	0.884107	0.102959	0.382821	0.147088	0.703605	0.880045	0.331155	0.897183	0.152412	0.154547	0.941879	0.344131	0.841754	0.693499	0.73961	0.613625	0.176403	0.988266	0.29781	0.475083	0.452118	0.124717	0.297981	0.563868	0.553928	
