15	50
39.4099	59.4993
47.42	34.426
23.1127	44.0848
36.3023	67.8759
75.1158	132.539
4.19932	136.15
78.4031	37.556
51.0485	130.532
22.3165	113.135
88.0621	99.1312
29.9972	75.4908
30.178	126.1
53.4218	66.1991
17.9914	100.946
48.7798	21.1156
5.46509
21.23
14.321
17.411
19.7177
19.2795
2.81514
1.79189
12.1914
12.0284
2.95809
14.8606
5.15023
5.06547
13.9502
11.108
6.45434
6.58618
19.9185
10.3165
1.44504
12.1927
11.0567
4.66839
24.6543
12.5751
22.2177
8.86461
7.4246
18.953
20.6115
20.6099
6.32172
9.02403
5.59461
22.0194
11.1188
8.67852
3.19171
14.9875
3.67955
21.0154
22.4644
20.9509
7.01068
13.8024
12.7268
8.65545
19.5015
23.7546
0.437175	0.925767	0.244304	0.558137	0.559508	0.510899	0.259298	0.886154	0.525745	0.100772	0.616339	0.851087	0.507693	0.623135	0.698014	0.230453	0.574246	0.685544	0.315379	0.224597	0.737608	0.493247	0.451285	0.147195	0.391521	0.20016	0.841571	0.169071	0.374376	0.693647	0.525614	0.520574	0.606969	0.370283	0.349587	0.807779	0.545171	0.310745	0.465127	0.625518	0.508426	0.215098	0.264875	0.180886	0.765521	0.456159	0.681556	0.0180465	0.765853	0.862333	
0.0310987	0.91347	0.601929	0.150535	0.692589	0.629656	0.642349	0.928059	0.600146	0.478414	0.577234	0.850195	0.808291	0.863516	0.93939	0.622171	0.621239	0.85042	0.475864	0.61222	1.03565	0.089489	0.731372	0.40999	0.464041	0.209205	0.899173	0.240757	0.778795	0.902026	0.700112	0.111491	0.513827	0.736671	0.128262	1.06572	0.810499	0.713215	0.866275	0.581524	0.875633	0.19427	0.640903	0.354292	1.10717	0.0572269	0.872167	0.413959	0.876364	0.894703	
0.812996	0.122831	0.715419	0.861691	0.316611	0.328395	1.02018	0.16202	0.289595	0.755338	0.217008	0.0593413	0.620684	0.505669	0.529834	0.984293	0.236891	0.352599	0.497559	0.782664	0.699793	0.783246	0.570069	0.941731	0.417227	0.768168	0.165365	0.76495	0.915166	0.449742	0.384341	0.829761	0.282748	0.756591	0.676903	0.623633	0.547277	0.87108	1.12819	0.211779	0.809731	0.767588	1.03387	0.633553	0.855563	0.837374	0.406954	0.826142	0.251744	0.126527	
0.567088	0.973155	0.19027	0.687898	0.581497	0.543431	0.160163	0.918505	0.572038	0.109231	0.687575	0.898129	0.456236	0.594148	0.663903	0.124948	0.624452	0.684966	0.365616	0.138443	0.674204	0.623521	0.417412	0.208051	0.457125	0.330421	0.870823	0.299349	0.251488	0.674509	0.534617	0.650641	0.692057	0.285637	0.47697	0.760947	0.509872	0.192188	0.339105	0.697347	0.413784	0.345355	0.172746	0.274984	0.678141	0.585592	0.670733	0.126133	0.780893	0.898724	
0.786218	1.1507	0.332111	0.905195	0.74413	0.719713	0.133864	1.07975	0.760366	0.333649	0.894373	1.07685	0.527931	0.687089	0.742581	0.141358	0.814334	0.813132	0.569363	0.264962	0.697342	0.847238	0.524261	0.37306	0.666544	0.554794	1.02963	0.525114	0.182761	0.776442	0.685416	0.87024	0.909445	0.332841	0.708235	0.810193	0.601543	0.189786	0.106507	0.904432	0.397731	0.569482	0.145856	0.505288	0.645698	0.802098	0.785329	0.349952	0.925055	1.0653	
0.593306	0.66176	0.160452	0.703385	0.263304	0.22945	0.471325	0.60098	0.268795	0.225372	0.412634	0.587236	0.24626	0.321596	0.398543	0.435451	0.322813	0.375451	0.113404	0.226915	0.474064	0.618204	0.169253	0.458036	0.203346	0.398242	0.552851	0.374038	0.37455	0.384959	0.218368	0.661345	0.445246	0.239391	0.445266	0.517783	0.254016	0.321782	0.576144	0.422787	0.352911	0.408254	0.486625	0.214316	0.55052	0.619446	0.370865	0.327213	0.463722	0.582396	
0.612291	0.393427	0.447722	0.689652	0.136656	0.0917244	0.743809	0.363474	0.0283306	0.477988	0.137613	0.318731	0.419508	0.367937	0.427302	0.708003	0.0421644	0.285418	0.220119	0.513063	0.576652	0.602844	0.349062	0.66931	0.146377	0.514857	0.325095	0.506302	0.658953	0.363563	0.187435	0.651292	0.20175	0.510039	0.459695	0.551543	0.36629	0.608769	0.863572	0.147104	0.591241	0.517031	0.757159	0.362035	0.707899	0.638998	0.323242	0.550408	0.290006	0.335613	
0.979473	0.542858	0.501464	1.07628	0.286186	0.342328	0.81449	0.4274	0.396504	0.625721	0.536047	0.49318	0.248228	0.0983887	0.0357326	0.782308	0.414135	0.157418	0.476504	0.5595	0.196428	0.988093	0.274606	0.866147	0.494161	0.810711	0.381995	0.788814	0.598834	0.0610403	0.254021	1.03521	0.616528	0.443925	0.823443	0.129337	0.182073	0.588416	0.818349	0.542412	0.410385	0.819278	0.832855	0.625207	0.357568	1.00659	0.105255	0.736093	0.262308	0.436024	
0.689009	0.990106	0.171055	0.810117	0.584645	0.558614	0.176154	0.921531	0.598902	0.193703	0.73439	0.916062	0.393587	0.546885	0.609017	0.147555	0.652874	0.661975	0.410172	0.103504	0.59098	0.742636	0.376121	0.327884	0.508063	0.451347	0.87177	0.419736	0.12529	0.633825	0.527676	0.771983	0.752582	0.20136	0.58879	0.691286	0.460487	0.0717848	0.252112	0.744482	0.308377	0.466263	0.195001	0.363701	0.573287	0.708494	0.638273	0.251017	0.770138	0.906109	
0.977622	0.725575	0.400784	1.08666	0.388707	0.424289	0.677385	0.615974	0.487404	0.542385	0.648224	0.668219	0.139805	0.165661	0.164507	0.649072	0.522876	0.323995	0.479893	0.442576	0.0945045	1.00062	0.215512	0.77738	0.534083	0.77565	0.567757	0.748697	0.433379	0.236138	0.328493	1.04464	0.717353	0.301125	0.828283	0.19463	0.151996	0.43884	0.643075	0.656515	0.225497	0.78695	0.696327	0.596367	0.192429	1.00378	0.271803	0.654638	0.445254	0.619696	
0.471341	0.737803	0.178471	0.586379	0.367977	0.318757	0.404889	0.694429	0.336082	0.135772	0.442801	0.662838	0.373042	0.457659	0.534668	0.369779	0.386323	0.499819	0.125211	0.217883	0.604728	0.504596	0.301078	0.336905	0.212416	0.263719	0.649531	0.238438	0.393723	0.518444	0.338068	0.544636	0.449419	0.306146	0.332772	0.653657	0.389294	0.329706	0.559229	0.452548	0.440799	0.27449	0.416692	0.0859875	0.667087	0.496499	0.501208	0.209938	0.574723	0.671182	
0.915787	0.0714508	0.759619	0.968451	0.346168	0.37583	1.0752	0.060369	0.352636	0.816658	0.317451	0.051681	0.626461	0.491639	0.499785	1.03926	0.305791	0.330598	0.563335	0.827932	0.668061	0.888758	0.588133	1.01703	0.493811	0.856445	0.0907971	0.850622	0.945559	0.420842	0.407867	0.935711	0.389411	0.782702	0.775669	0.575942	0.548119	0.907454	1.16416	0.313708	0.817603	0.857052	1.09001	0.709983	0.828583	0.940663	0.382503	0.896403	0.210044	0.0359297	
0.645754	0.844657	0.0267433	0.765242	0.439136	0.413581	0.304535	0.776342	0.455747	0.147167	0.596918	0.770716	0.279234	0.419544	0.487759	0.270265	0.509766	0.52212	0.2779	0.0451287	0.500485	0.688556	0.243501	0.371564	0.376192	0.414825	0.726745	0.383821	0.197427	0.5025	0.383002	0.724554	0.622118	0.126088	0.521527	0.583996	0.334312	0.137823	0.389229	0.607066	0.265985	0.428694	0.321949	0.275748	0.520342	0.668712	0.502427	0.253906	0.626936	0.760618	
1.04444	0.974072	0.411955	1.16272	0.603561	0.621608	0.569918	0.868729	0.683796	0.546004	0.848651	0.912505	0.293386	0.412123	0.42204	0.552159	0.728849	0.573416	0.602292	0.413998	0.29365	1.08329	0.362733	0.741859	0.683435	0.815561	0.819417	0.784601	0.302558	0.491656	0.53599	1.12149	0.904816	0.277027	0.912499	0.424328	0.361642	0.345773	0.456682	0.858007	0.139185	0.829354	0.587984	0.664384	0.184951	1.06803	0.523956	0.643685	0.697111	0.869724	
0.185774	0.902908	0.456382	0.306813	0.618935	0.55789	0.487736	0.896566	0.543112	0.325417	0.564688	0.833417	0.683109	0.758764	0.835892	0.466045	0.576133	0.771196	0.376695	0.459967	0.914751	0.244107	0.610548	0.264712	0.395728	0.0527572	0.860901	0.0845208	0.62293	0.808962	0.612244	0.26922	0.52087	0.591251	0.137759	0.958632	0.696377	0.557816	0.709306	0.571321	0.731328	0.0384215	0.487482	0.228321	0.972596	0.205437	0.784513	0.255959	0.817546	0.866059	
