15	20
142.814	71.0998
136.931	17.1316
31.4049	149.975
91.6396	15.7608
139.612	112.588
77.0667	80.7331
7.60516	133.293
76.7669	97.9036
73.9066	133.447
5.67877	91.6281
157.769	89.1743
85.8837	51.0695
87.7604	92.5864
174.976	148.426
86.8544	114.254
20.2478
19.493
32.8836
8.97688
23.5363
3.08582
40.2632
42.7114
33.0017
16.3627
30.1124
2.21152
44.3765
17.1113
6.67627
8.95362
31.0161
24.9851
25.2451
35.1067
0.465409	0.586943	0.474014	1.00434	0.760072	0.207557	0.469919	1.11999	0.366928	0.53833	0.235136	0.769354	0.290511	0.199326	0.265555	0.988207	0.665753	0.265695	0.53274	0.219592	
0.734323	0.438339	0.710157	0.159382	0.415606	0.903116	0.545169	0.110281	0.804253	0.477014	0.804848	0.859113	0.726769	0.953877	0.794514	0.362298	0.632071	0.764046	0.561841	0.794948	
0.80451	0.478116	0.781955	0.479327	0.161428	0.754042	0.47953	0.416572	0.61387	0.474788	0.766546	0.543978	0.675879	0.798534	0.659065	0.0743033	0.352949	0.724577	0.387659	0.705076	
0.395178	0.358249	0.377749	0.360072	0.68703	0.832757	0.513566	0.543826	0.823411	0.415516	0.601314	1.08223	0.571845	0.880503	0.736311	0.781179	0.836288	0.577104	0.65874	0.670298	
0.262081	0.337023	0.248177	0.48101	0.707987	0.743385	0.468012	0.661252	0.759214	0.382115	0.490343	1.06299	0.477724	0.787996	0.656285	0.838863	0.82462	0.472823	0.631975	0.576357	
0.712045	0.467007	0.695985	0.72179	0.218044	0.444508	0.348884	0.731069	0.284789	0.420726	0.566013	0.265116	0.482765	0.479402	0.377043	0.411739	0.0278064	0.531854	0.175752	0.462171	
0.344198	0.245771	0.332177	0.656953	0.422743	0.272913	0.10512	0.75859	0.256709	0.187692	0.19947	0.605775	0.109155	0.323962	0.167458	0.644038	0.406856	0.159731	0.215697	0.145621	
0.895118	0.60332	0.876112	0.729145	0.230318	0.673085	0.529593	0.68014	0.512013	0.573532	0.781233	0.295659	0.693781	0.706294	0.6052	0.272997	0.204041	0.744128	0.370095	0.685374	
0.753807	0.434129	0.729702	0.273354	0.311708	0.846553	0.507287	0.205377	0.732165	0.458768	0.785395	0.7471	0.700888	0.8959	0.740647	0.241255	0.529276	0.74324	0.488239	0.756873	
0.569184	0.387756	0.547415	0.141826	0.596114	0.906207	0.545664	0.324129	0.855966	0.447604	0.724023	1.03161	0.669865	0.957164	0.799655	0.628653	0.785252	0.690632	0.644783	0.760493	
0.334985	0.0156161	0.312067	0.426475	0.370178	0.506655	0.147499	0.545583	0.461827	0.0473438	0.363362	0.714737	0.28921	0.557863	0.399443	0.542935	0.473524	0.323121	0.286161	0.369158	
0.345065	0.536531	0.358221	0.94396	0.780025	0.313122	0.454957	1.07742	0.452393	0.498988	0.170227	0.863933	0.256554	0.323007	0.326507	1.00286	0.724901	0.212272	0.561388	0.236259	
0.44127	0.200562	0.423258	0.55685	0.271861	0.380634	0.0745078	0.632832	0.295275	0.14614	0.350455	0.535768	0.259489	0.431277	0.272591	0.490562	0.303442	0.309059	0.104761	0.292588	
0.867532	0.625055	0.852243	0.848024	0.324716	0.539628	0.507158	0.831114	0.378432	0.579814	0.705849	0.122158	0.62763	0.56354	0.496122	0.453198	0.136547	0.674928	0.334246	0.593099	
0.453273	0.503802	0.455668	0.920044	0.641295	0.0986645	0.369552	1.02367	0.247888	0.449636	0.202863	0.656072	0.218968	0.116315	0.143654	0.86977	0.543257	0.215089	0.413537	0.12533	
