10	50
37.54	112.34
22.6407	77.6535
46.2799	141.575
8.15968	66.8181
26.7328	81.5604
66.3566	26.326
21.7628	92.4394
22.8501	10.1677
88.8845	16.3044
45.6781	57.8327
7.2583
3.56348
4.83629
0.587682
1.07506
4.52948
3.36493
2.32418
3.28467
7.69278
6.26857
4.9087
7.12506
7.01097
5.19137
3.57083
7.14675
0.163329
7.07621
5.31112
0.182754
4.17416
1.00094
6.67129
2.14954
5.39216
0.926365
8.33179
8.09304
7.18304
1.71786
0.991727
7.88011
4.96177
7.78889
4.68937
2.47354
4.676
3.86094
2.9047
4.08861
7.46576
7.38682
4.18766
0.289612
7.7509
5.26121
2.67666
2.27982
7.94568
0.661239	0.441226	0.650926	0.464554	0.961356	0.208648	0.65499	0.719705	0.73372	0.624792	1.20689	0.960517	0.45919	0.934456	0.366678	1.17303	0.972322	0.140822	0.346665	0.602569	1.08353	0.573112	0.455841	0.647806	0.685257	0.99898	0.479994	0.683355	0.631471	0.511331	0.936378	1.13448	0.805942	0.925125	0.771089	0.610164	0.645893	0.332837	0.570602	0.89613	0.477495	0.728126	0.641949	0.525842	0.756816	0.342006	0.365671	1.11024	0.420504	0.368875	
0.459398	0.715249	0.604856	0.45565	0.273635	0.992647	0.456844	0.361264	0.678313	0.730184	0.333821	0.103782	0.6686	0.100109	0.544819	0.3222	0.0983713	0.930859	0.612462	0.611956	0.184424	0.578551	0.454059	0.653531	0.725268	0.195214	0.674703	0.58765	0.537771	0.77877	0.0402152	0.239008	0.154956	0.657496	0.556092	0.784802	0.725881	0.810677	0.329103	0.673466	0.479311	0.172575	0.305746	0.648685	0.183799	0.559641	0.83378	0.265682	0.64034	0.599189	
0.505106	0.278601	0.486966	0.400286	0.895288	0.204948	0.499282	0.571814	0.760194	0.670075	1.11434	0.865168	0.491202	0.814162	0.248003	1.08656	0.874121	0.138265	0.197042	0.438543	0.976735	0.579686	0.382599	0.483599	0.725486	0.915759	0.31591	0.691643	0.470063	0.575939	0.831323	1.03125	0.720561	0.76114	0.608531	0.669712	0.688842	0.184933	0.470792	0.73191	0.336383	0.626683	0.511688	0.552465	0.671622	0.268134	0.22319	1.02371	0.257198	0.217608	
0.65058	0.703018	0.757983	0.227784	0.426894	0.769487	0.643302	0.618285	0.222844	0.222668	0.720015	0.514974	0.179356	0.599593	0.415696	0.671235	0.53502	0.692774	0.515256	0.730266	0.660337	0.0645231	0.25657	0.792158	0.235993	0.506538	0.695469	0.127578	0.691835	0.268421	0.533433	0.690839	0.362573	0.960378	0.801745	0.273125	0.223639	0.712145	0.324038	0.954708	0.485649	0.380792	0.47637	0.138785	0.330743	0.330816	0.750893	0.614419	0.618859	0.522141	
0.448431	0.700266	0.594154	0.436627	0.272932	0.974771	0.445631	0.351621	0.664838	0.714614	0.349487	0.113027	0.650829	0.109847	0.526556	0.335767	0.110841	0.912687	0.595072	0.600031	0.202998	0.562067	0.435	0.642724	0.710702	0.201489	0.660292	0.573327	0.526369	0.761651	0.0571077	0.256909	0.140886	0.654366	0.548981	0.768891	0.710653	0.794298	0.310239	0.66926	0.462672	0.153547	0.290467	0.631677	0.166941	0.540682	0.817813	0.278016	0.624622	0.582048	
0.474008	0.349031	0.504512	0.242902	0.742243	0.362334	0.466869	0.513716	0.602643	0.521613	0.977691	0.73033	0.341637	0.704731	0.147111	0.945531	0.741663	0.288216	0.176741	0.460115	0.852169	0.418527	0.229551	0.517012	0.573628	0.772223	0.365871	0.529828	0.46501	0.441851	0.705031	0.903351	0.577877	0.769914	0.605744	0.529083	0.538865	0.311315	0.339223	0.74767	0.271929	0.496819	0.419082	0.398377	0.528617	0.11308	0.351788	0.882606	0.287029	0.197273	
0.884918	0.922332	0.991265	0.457588	0.526867	0.929122	0.877658	0.849855	0.0201418	0.117238	0.826111	0.669965	0.273123	0.791909	0.63631	0.769881	0.691969	0.852785	0.732126	0.96224	0.811409	0.196547	0.486341	1.02433	0.0587938	0.632091	0.919634	0.115039	0.925782	0.245348	0.707133	0.828046	0.542602	1.19375	1.03595	0.164678	0.0952695	0.914432	0.557197	1.18875	0.717142	0.592787	0.708142	0.208965	0.52466	0.541887	0.954487	0.723809	0.840904	0.741906	
0.597183	0.428084	0.612447	0.346333	0.840695	0.307057	0.590285	0.642151	0.623861	0.522059	1.09089	0.846178	0.349012	0.831183	0.276607	1.05554	0.858875	0.23071	0.287013	0.565758	0.972817	0.456196	0.339998	0.618364	0.58063	0.881186	0.456415	0.567571	0.580641	0.418096	0.825686	1.02216	0.689482	0.88342	0.722126	0.514748	0.542226	0.350752	0.461605	0.858448	0.399133	0.61759	0.548939	0.414461	0.640607	0.230506	0.389602	0.992909	0.384326	0.309371	
0.166478	0.180649	0.194963	0.34822	0.720164	0.50361	0.160497	0.239442	0.796351	0.755681	0.868723	0.627866	0.591183	0.525924	0.190959	0.854594	0.629863	0.461289	0.150053	0.158341	0.708298	0.610249	0.319418	0.220468	0.793145	0.7012	0.144949	0.70266	0.147098	0.712194	0.575087	0.767643	0.521466	0.452116	0.287701	0.781504	0.767129	0.284995	0.292715	0.431258	0.0902806	0.40267	0.22931	0.627078	0.480504	0.292506	0.302364	0.794909	0.109018	0.127463	
0.49175	0.770336	0.632599	0.555801	0.337424	1.07061	0.490779	0.388985	0.778715	0.834601	0.29574	0.148284	0.774319	0.0695596	0.628755	0.303367	0.128308	1.01218	0.687465	0.647358	0.120393	0.684093	0.552078	0.681225	0.827948	0.234552	0.726053	0.690002	0.571071	0.88465	0.0910998	0.181009	0.258569	0.639728	0.563001	0.889678	0.829761	0.875834	0.42229	0.661527	0.549409	0.270906	0.370049	0.754535	0.289664	0.653265	0.895516	0.260654	0.701555	0.67213	
