15	50
40.3406	92.7793
42.1334	157.578
7.37204	12.0386
15.0385	98.4809
14.5021	55.1256
76.1444	138.779
36.1129	147.518
86.3487	51.6403
8.97184	120.959
71.9306	36.5198
30.4889	98.484
56.7236	47.0269
81.1315	156.435
32.5041	153.546
52.6347	137.021
4.90153
24.1531
10.0805
23.7489
28.2496
19.5178
31.708
7.61461
9.24559
5.85499
9.02104
17.0905
5.6804
10.6739
7.12487
16.1924
31.6731
26.4426
27.305
27.1586
13.6748
20.108
10.0275
7.26052
5.08993
12.0606
4.0612
6.77275
15.1522
27.9019
14.6362
0.250419
6.08673
7.95623
6.74503
16.6581
19.1438
14.1884
24.3489
24.9364
23.4057
20.5084
23.5578
27.8244
11.7185
4.1907
2.73102
18.8649
0.261077
18.4062
0.30595	0.273532	0.147709	0.727936	0.87078	0.610674	0.182395	0.827291	0.628658	0.755016	0.241041	0.676148	0.703095	0.464464	0.285857	0.199252	0.0682343	0.347763	0.637513	0.51003	0.427349	0.784997	0.476333	0.663865	0.603099	0.174284	0.158872	0.635666	0.383933	0.468602	0.784184	0.0889685	0.856557	0.641883	0.564841	0.122229	0.425317	0.517132	0.216669	0.811981	0.511899	0.050868	0.77499	0.697791	0.490901	0.660619	0.0861646	0.673388	0.244818	0.289173	
0.321642	0.893738	0.770928	0.60363	0.827188	0.534951	0.611908	0.732379	0.313288	0.577536	0.485018	0.565768	0.55606	0.619545	0.513541	0.531743	0.639663	0.357932	0.0827015	0.157486	0.993127	0.711434	0.901056	0.924427	0.368758	0.655096	0.553476	0.43206	0.41985	0.332508	0.826993	0.681182	0.916884	0.12449	0.517913	0.721159	0.798781	0.606233	0.60969	0.394762	0.273392	0.583387	0.556158	0.840533	0.485394	0.877647	0.542569	0.604841	0.621544	0.372209	
0.65797	0.993929	0.913556	0.143461	0.313596	0.221911	0.668432	0.214214	0.258429	0.0857683	0.570595	0.168356	0.13004	0.430288	0.897689	0.860909	0.867612	0.777541	0.480014	0.663723	0.964228	0.219581	0.752133	0.615569	0.234038	0.709066	0.855056	0.181384	0.866123	0.366747	0.376679	0.806043	0.448322	0.437906	0.262934	0.933598	0.65628	0.368634	0.938361	0.217928	0.790463	0.761176	0.0428432	0.467938	0.974045	0.551659	0.774119	0.205053	0.625203	0.741151	
0.313494	0.343254	0.226146	0.842038	1.00027	0.724225	0.324971	0.949584	0.702019	0.862803	0.354037	0.78922	0.812434	0.598362	0.177729	0.107155	0.081818	0.295662	0.661468	0.491683	0.538213	0.908381	0.618576	0.809707	0.688826	0.320215	0.0765416	0.730551	0.297695	0.550755	0.919892	0.226075	0.995197	0.674856	0.678889	0.123187	0.571148	0.646619	0.0764803	0.881133	0.457032	0.177794	0.877487	0.839287	0.382007	0.805355	0.138604	0.79221	0.387108	0.259404	
0.452273	1.0162	0.895579	0.605308	0.825976	0.560657	0.720492	0.726778	0.320356	0.568084	0.589982	0.576906	0.55862	0.683876	0.64806	0.66605	0.769586	0.492411	0.119591	0.289625	1.10155	0.713289	0.988184	0.981141	0.387233	0.765325	0.686897	0.442656	0.551553	0.398333	0.845731	0.801761	0.933071	0.138364	0.554343	0.851163	0.883272	0.65907	0.744333	0.333008	0.395297	0.707087	0.537624	0.879627	0.607966	0.928922	0.670679	0.621017	0.722222	0.506441	
0.179441	0.707442	0.58055	0.765237	0.975362	0.664399	0.511912	0.894402	0.515109	0.759022	0.424012	0.716237	0.721612	0.654612	0.235139	0.280882	0.426347	0.0933982	0.357901	0.136984	0.859998	0.862706	0.844109	0.947415	0.541524	0.542448	0.314852	0.603525	0.126363	0.432559	0.938868	0.51926	1.02777	0.389099	0.630116	0.501408	0.758108	0.670308	0.345914	0.654194	0.0730554	0.416559	0.752756	0.909965	0.2046	0.916921	0.3536	0.741938	0.54981	0.151003	
0.200412	0.717111	0.590502	0.788353	0.998644	0.687679	0.529795	0.917582	0.536923	0.781856	0.444604	0.739424	0.744647	0.677052	0.233294	0.285487	0.434905	0.1029	0.374784	0.152172	0.873822	0.885951	0.862766	0.969003	0.56415	0.559308	0.321146	0.626315	0.117423	0.455803	0.962085	0.532498	1.05095	0.407102	0.653415	0.508378	0.777794	0.693227	0.346658	0.673883	0.0644272	0.430386	0.775274	0.932688	0.184126	0.938997	0.366077	0.765214	0.568976	0.165506	
0.479284	0.704773	0.632521	0.18228	0.34648	0.0709524	0.386458	0.284358	0.271494	0.21881	0.311768	0.133051	0.166425	0.141584	0.694736	0.638802	0.609575	0.610247	0.480139	0.573047	0.673474	0.244285	0.474782	0.402012	0.20291	0.423686	0.622931	0.172015	0.698853	0.21605	0.301943	0.527289	0.391713	0.447463	0.0349983	0.666463	0.373045	0.0878295	0.7077	0.402199	0.681048	0.499268	0.250651	0.300441	0.820745	0.347151	0.52742	0.126626	0.337476	0.556264	
0.732173	0.660989	0.65233	0.42163	0.371421	0.390778	0.46641	0.40679	0.622606	0.479705	0.494385	0.41008	0.446373	0.261641	0.88793	0.81057	0.712872	0.855705	0.824953	0.879776	0.520643	0.372924	0.268893	0.0518111	0.553783	0.471837	0.779864	0.514486	0.934494	0.544985	0.247698	0.579341	0.268429	0.795016	0.382672	0.734199	0.237671	0.272998	0.855293	0.734658	0.967456	0.615025	0.525347	0.11462	1.05981	0.02156	0.673105	0.364961	0.405594	0.790412	
0.341837	0.795018	0.689276	0.338033	0.560002	0.263435	0.469877	0.468582	0.0763654	0.320832	0.341703	0.296437	0.29114	0.375748	0.583846	0.559755	0.6024	0.453731	0.206088	0.341459	0.836336	0.444029	0.692148	0.6712	0.102136	0.516179	0.562089	0.16687	0.541093	0.104566	0.555435	0.5835	0.645341	0.173342	0.248826	0.678576	0.586031	0.349126	0.640762	0.253909	0.465778	0.509644	0.309795	0.574166	0.646823	0.619492	0.500873	0.333819	0.453487	0.423993	
0.216716	0.369204	0.242231	0.716316	0.879316	0.598595	0.228255	0.825649	0.579368	0.736362	0.230725	0.663406	0.686143	0.482361	0.203707	0.120176	0.102324	0.24944	0.559143	0.41633	0.523952	0.784896	0.551563	0.716309	0.563533	0.238597	0.0884725	0.604236	0.289594	0.425634	0.803616	0.18253	0.881753	0.56782	0.553447	0.183793	0.487617	0.527031	0.169604	0.760187	0.413584	0.087584	0.750905	0.730663	0.402112	0.705099	0.0190915	0.667571	0.286646	0.191364	
0.782518	0.743953	0.732261	0.395037	0.305788	0.38815	0.537217	0.356255	0.627823	0.4526	0.551767	0.393985	0.427028	0.302961	0.951351	0.876467	0.786211	0.909157	0.842914	0.91715	0.602911	0.328077	0.35135	0.106893	0.559109	0.546361	0.847497	0.512279	0.990704	0.570636	0.184214	0.65582	0.188564	0.810165	0.38988	0.811245	0.319566	0.297079	0.924974	0.721087	1.0118	0.68541	0.498614	0.0684444	1.11624	0.0627892	0.740733	0.3468	0.475326	0.845442	
0.308184	0.81985	0.694072	0.866243	1.08206	0.771992	0.640536	0.996733	0.598274	0.854058	0.552811	0.819535	0.820886	0.778369	0.315405	0.381365	0.53671	0.210828	0.402911	0.192943	0.982487	0.967619	0.97323	1.07425	0.634825	0.67006	0.419805	0.698862	0.191044	0.539993	1.05343	0.64083	1.14313	0.441144	0.740881	0.606626	0.88735	0.790384	0.431944	0.714472	0.0704434	0.539473	0.842699	1.03147	0.181818	1.04214	0.473958	0.84895	0.679068	0.275775	
0.280075	0.820861	0.694033	0.811352	1.02888	0.719848	0.618797	0.942044	0.539701	0.797426	0.522123	0.765549	0.765542	0.73718	0.334795	0.390383	0.539246	0.206289	0.341544	0.135161	0.972558	0.913918	0.948067	1.03677	0.57834	0.65141	0.426074	0.642699	0.213007	0.488872	1.00415	0.63235	1.0942	0.379882	0.690318	0.613247	0.858583	0.745585	0.449769	0.653262	0.0408737	0.529378	0.784867	0.987334	0.233175	1.00214	0.467077	0.796344	0.6529	0.264044	
0.586069	0.827715	0.759243	0.0560688	0.244503	0.0698785	0.513514	0.164915	0.284079	0.10499	0.43803	0.028515	0.0633511	0.249398	0.811253	0.75974	0.736788	0.715445	0.518121	0.650593	0.780713	0.130683	0.563253	0.434627	0.221328	0.549644	0.746001	0.161169	0.805084	0.299478	0.242102	0.654598	0.329943	0.479766	0.1131	0.794282	0.469114	0.185864	0.830845	0.355433	0.767619	0.626658	0.147148	0.297265	0.923749	0.371983	0.652839	0.0189068	0.462764	0.666253	
