10	20
90.9985	12.04
67.3842	95.6326
14.0408	123.318
71.1905	10.8378
23.927	130.465
60.6766	126.023
28.9733	105.25
71.2097	13.8633
21.2939	87.1205
61.655	77.3706
19.9065
32.8355
19.91
33.2825
13.2547
12.5799
2.56852
5.3411
19.8769
26.8988
28.5216
22.1114
24.9148
8.05714
19.0036
21.6422
6.07243
30.5055
33.0559
10.621
0.520469	0.255419	0.140063	0.33692	0.69404	0.356947	0.698635	0.375503	0.286389	0.232893	0.514311	0.176953	0.404348	0.453842	0.344227	0.433893	0.340974	0.293408	0.246052	0.395576	
0.222958	0.708328	0.45242	0.176638	0.453221	0.142762	0.72396	0.21383	0.315666	0.435609	0.747447	0.649829	0.402115	0.178487	0.361506	0.293816	0.632046	0.765773	0.712649	0.645375	
0.250947	0.906757	0.652449	0.342928	0.407315	0.316792	0.75977	0.401004	0.46064	0.586923	0.857142	0.835496	0.579412	0.26642	0.548851	0.375543	0.771317	0.961495	0.909392	0.771333	
0.375121	0.432677	0.1825	0.176389	0.590144	0.179291	0.713882	0.17508	0.226976	0.27832	0.619269	0.389013	0.280862	0.302128	0.21416	0.336511	0.463479	0.490531	0.436933	0.50022	
0.117629	0.662609	0.434909	0.0814667	0.341035	0.0856682	0.559448	0.304943	0.169849	0.296136	0.584592	0.559776	0.486318	0.0448974	0.429397	0.12776	0.483089	0.704289	0.656947	0.488553	
0.604513	0.22386	0.249615	0.438422	0.749358	0.463422	0.684678	0.502563	0.354817	0.258966	0.451884	0.055338	0.522473	0.544147	0.465609	0.50032	0.281897	0.222502	0.194777	0.343653	
0.604315	0.6986	0.46552	0.480758	0.83609	0.45182	1.07615	0.242113	0.603302	0.683289	1.025	0.749626	0.206668	0.549738	0.245877	0.64929	0.871881	0.780327	0.724223	0.907292	
0.555785	0.672756	0.431566	0.430339	0.788363	0.401389	1.02571	0.193161	0.553535	0.63542	0.976963	0.712853	0.188094	0.500196	0.215296	0.598982	0.825444	0.752779	0.696259	0.859755	
0.53337	0.352318	0.104783	0.337014	0.752991	0.333858	0.862362	0.207674	0.382549	0.403351	0.728995	0.390562	0.171437	0.460422	0.115371	0.499909	0.560238	0.428418	0.371618	0.608047	
0.54615	0.874106	0.79695	0.602015	0.438313	0.63285	0.0608445	0.843655	0.484598	0.450645	0.256683	0.676454	0.988443	0.5646	0.921824	0.447027	0.378417	0.855628	0.84175	0.316594	
