15	30
149.046	53.9702
107.608	25.5647
138.027	139.887
0.21695	43.3293
34.2732	47.3086
27.5728	56.875
170.98	37.0015
107.75	94.9128
4.68203	15.1079
65.8395	66.1126
102.824	21.3482
139.179	60.4724
43.0674	78.9734
28.599	44.0808
134.398	47.743
24.5706
2.21553
16.8965
4.73509
24.5484
18.6275
6.07093
24.8235
5.97553
24.7701
2.59767
25.4347
27.0177
11.5252
3.75675
26.5436
12.2062
22.6361
11.1952
15.3948
4.24217
21.2213
8.25421
6.91239
4.56461
4.78221
23.2191
5.02534
14.9394
11.6415
0.767782	0.0744295	0.473051	0.714296	0.308712	0.674397	0.451414	0.527354	0.949718	0.914875	0.475672	0.209654	0.171404	0.796427	0.542622	0.6496	0.59779	0.641142	0.208093	0.613238	0.0622753	0.875411	0.789135	0.183992	0.611646	0.23422	0.782661	0.474032	0.247399	0.684604	
0.394057	0.514123	0.693526	0.29272	0.131619	0.409733	0.0634642	0.483412	0.694173	0.637467	0.708082	0.248399	0.346169	0.551527	0.749713	0.395368	0.74649	0.416113	0.619454	0.527701	0.433791	0.439846	0.653233	0.507731	0.208887	0.617292	0.63378	0.164827	0.397454	0.261438	
0.489382	0.578782	0.336484	0.749548	0.486732	0.293651	0.453506	0.0262025	0.464113	0.456175	0.356856	0.545164	0.38244	0.334877	0.352959	0.27341	0.296425	0.235356	0.557361	0.0769126	0.596052	0.830313	0.250126	0.421354	0.473708	0.51106	0.249702	0.667688	0.299257	0.548201	
0.519213	0.454659	0.290327	0.70794	0.391738	0.345624	0.393233	0.107656	0.566893	0.548744	0.309288	0.433431	0.259195	0.424673	0.330093	0.320944	0.308587	0.292149	0.442505	0.19528	0.471788	0.8117	0.372004	0.302409	0.456648	0.400274	0.368826	0.587597	0.174407	0.537884	
0.311687	0.534718	0.523688	0.482389	0.272471	0.20466	0.190679	0.24353	0.492984	0.449101	0.541875	0.372678	0.311984	0.339615	0.566005	0.181739	0.538946	0.185754	0.583741	0.277214	0.500627	0.57638	0.406331	0.443281	0.220753	0.558523	0.388748	0.41556	0.294806	0.302407	
0.258268	0.807153	0.918074	0.159363	0.42563	0.414021	0.288354	0.628981	0.619392	0.551951	0.935539	0.540593	0.623555	0.521466	0.96295	0.417703	0.93494	0.456501	0.905039	0.633758	0.727637	0.17963	0.690767	0.782735	0.178079	0.896691	0.66579	0.346102	0.652733	0.105981	
0.879122	0.568691	0.116537	1.08048	0.720511	0.68599	0.761255	0.405551	0.816263	0.825301	0.111407	0.712586	0.507314	0.712597	0.0507617	0.665194	0.111199	0.627725	0.453789	0.450832	0.649321	1.1896	0.564135	0.40309	0.834427	0.397562	0.578548	0.928503	0.42001	0.915161	
0.659581	0.187058	0.49307	0.605814	0.196307	0.579526	0.338003	0.469312	0.862279	0.822959	0.500228	0.113945	0.114507	0.708108	0.561258	0.555583	0.599346	0.551663	0.302119	0.55064	0.12515	0.764293	0.722282	0.225182	0.499373	0.313074	0.712821	0.374914	0.210997	0.571415	
0.467236	0.387209	0.570216	0.428555	0.0522904	0.421484	0.136652	0.409113	0.712634	0.664473	0.583435	0.155892	0.209764	0.560705	0.630025	0.400858	0.637402	0.408673	0.484628	0.471057	0.319245	0.575355	0.621622	0.371284	0.299188	0.48098	0.606238	0.248922	0.267362	0.369987	
0.669289	0.200655	0.33119	0.709833	0.304217	0.543657	0.40394	0.361819	0.803371	0.775094	0.33871	0.267524	0.0721041	0.653003	0.399333	0.517987	0.440352	0.502379	0.225117	0.449005	0.227607	0.853219	0.62577	0.091644	0.540667	0.206591	0.621237	0.508062	0.0810556	0.621341	
0.981618	0.602693	0.192862	1.17084	0.79854	0.789352	0.850755	0.508552	0.916894	0.927574	0.178611	0.778548	0.57624	0.815776	0.145927	0.768353	0.211134	0.731118	0.471816	0.554481	0.693724	1.28511	0.663586	0.451855	0.931731	0.419598	0.678954	1.00703	0.496128	1.01315	
0.446562	0.708461	0.448226	0.771415	0.573421	0.24671	0.507491	0.146372	0.341449	0.344019	0.468314	0.648767	0.504348	0.23215	0.450433	0.236285	0.374133	0.195844	0.690239	0.0589616	0.719041	0.825472	0.117983	0.553916	0.48272	0.643624	0.11695	0.733034	0.427235	0.545222	
0.673324	0.418749	0.137337	0.844311	0.487713	0.494641	0.524633	0.223511	0.687858	0.679363	0.155568	0.493914	0.2904	0.556957	0.186588	0.470803	0.198726	0.438835	0.35763	0.299686	0.470989	0.958086	0.461792	0.242811	0.606527	0.304985	0.466309	0.694476	0.195305	0.688693	
0.54462	1.09389	0.809108	0.956486	0.900507	0.442702	0.789656	0.534352	0.185711	0.253604	0.827813	0.997624	0.882014	0.301666	0.792238	0.457778	0.698696	0.443318	1.07881	0.446716	1.09516	0.939431	0.272091	0.942672	0.688122	1.03134	0.272736	1.01185	0.812279	0.710545	
0.517348	1.01368	0.723976	0.921826	0.835181	0.389176	0.732502	0.452503	0.182267	0.243415	0.742735	0.927882	0.804403	0.254761	0.707869	0.400862	0.614983	0.380998	0.995321	0.364789	1.01838	0.919752	0.188684	0.860135	0.644194	0.947353	0.19188	0.957851	0.732048	0.675357	
