10	20
161.182	112.339
119.488	102.731
36.6632	60.4885
110.216	137.881
79.7742	34.1813
171.66	139.342
150.344	139.734
139.74	23.9783
101.353	13.8823
170.537	140.757
18.0542
14.5856
10.9948
22.9545
30.8248
2.09429
17.1998
15.7319
13.7626
12.3876
15.3508
12.4844
3.01058
3.8609
17.7599
2.76506
32.6374
24.7912
4.39326
26.1281
0.948332	0.755874	0.773066	1.0584	0.139403	0.197432	0.894508	0.820273	0.939717	0.655139	0.739974	0.608462	0.570266	0.786549	0.423782	0.202471	0.737108	1.11026	0.387062	0.89872	
0.0264347	0.475998	0.650761	0.209393	0.783405	0.982573	0.156901	0.395696	0.0467733	0.34313	0.451749	0.331568	0.35853	0.136579	0.82044	1.01311	0.436117	0.387205	0.585217	0.511297	
0.94506	0.921903	0.545644	0.999436	0.335813	0.520113	0.842011	0.957734	0.924043	0.590358	0.898185	0.679258	0.631496	0.801078	0.149758	0.522912	0.597001	0.993104	0.344409	0.720557	
0.786336	0.85062	0.355831	0.820478	0.383915	0.624302	0.668601	0.867335	0.761205	0.424231	0.823412	0.571253	0.523401	0.655803	0.0552011	0.635984	0.406411	0.801444	0.238146	0.525243	
0.564188	0.714345	0.250789	0.591364	0.452067	0.710466	0.440031	0.708649	0.536772	0.203248	0.684573	0.410917	0.368389	0.446929	0.284379	0.730844	0.18873	0.583349	0.188872	0.341319	
1.04363	0.7478	0.969377	1.17887	0.287091	0.0346598	1.0187	0.83035	1.04236	0.800113	0.739921	0.686706	0.659377	0.88163	0.635235	0.00998635	0.906924	1.25724	0.555009	1.07644	
0.785842	0.976457	0.174485	0.764331	0.608435	0.855272	0.639641	0.971059	0.752918	0.446524	0.946841	0.673663	0.63084	0.69253	0.255786	0.867891	0.341564	0.69142	0.401358	0.38154	
0.760031	0.889527	0.251549	0.769323	0.483704	0.730268	0.627572	0.894286	0.730955	0.401617	0.860823	0.594635	0.54886	0.645882	0.144449	0.743163	0.342648	0.727788	0.291424	0.435617	
0.4483	0.192012	1.00542	0.633473	0.813944	0.907866	0.581282	0.121951	0.482967	0.641465	0.201158	0.414282	0.461705	0.419561	1.02979	0.939816	0.792149	0.822133	0.750786	0.915307	
0.723563	0.718321	0.44322	0.791036	0.248174	0.501571	0.629798	0.744523	0.704343	0.376786	0.692509	0.457943	0.409804	0.576812	0.175688	0.517752	0.418796	0.80823	0.119596	0.571402	
