10	50
47.1675	121.237
82.4876	108.424
30.6858	155.421
76.3818	88.6584
30.0026	143.249
88.618	75.3189
80.7166	100.922
39.8329	30.1465
66.3162	42.0805
9.95249	137.167
6.05179
9.5538
11.9276
1.82504
7.07897
6.67648
7.37373
1.84391
2.47528
4.43009
2.73616
9.90023
3.32418
2.89453
9.05933
3.89656
12.3986
3.81391
0.00584625
1.29577
6.98683
10.9135
0.94714
5.20831
1.82211
5.58092
9.46286
5.13216
12.3019
7.10442
7.90843
9.25522
6.22328
8.14021
5.52228
5.34932
4.57921
11.2785
9.02002
10.1183
12.6961
0.504394
12.8357
4.44152
10.1415
7.39165
10.8571
2.56958
8.03476
13.3188
0.895857	0.897363	0.362586	0.790495	0.535068	0.803811	0.760539	0.687428	0.94764	0.383993	0.223837	0.377895	0.792505	0.438742	1.08811	0.882869	0.327109	0.995308	1.19803	0.834674	0.351388	0.401262	0.360817	0.929676	0.456767	0.19118	0.0972383	0.148079	0.825628	0.066635	0.885268	0.726029	0.883736	0.649773	0.935155	1.08586	0.848593	0.412544	0.919836	0.538055	0.661141	0.804598	0.769288	0.832995	1.18745	0.480293	0.467362	0.671933	0.52888	0.630204	
0.177472	0.45061	0.672174	0.220735	0.215533	0.154306	0.24542	0.133872	0.380816	0.344038	0.522103	0.476084	0.204587	0.305805	0.504389	0.688186	0.528488	0.387771	0.718192	0.161099	0.531598	0.435336	0.366488	0.43028	0.444039	0.537006	0.640536	0.610599	0.740983	0.735485	0.686549	0.325823	0.169754	0.717261	0.54366	0.596369	0.399299	0.375282	0.629636	0.353624	0.309619	0.700973	0.427988	0.114707	0.693722	0.639346	0.776614	0.794153	0.427046	0.116664	
0.587848	0.160334	0.508435	0.718452	0.405926	0.647384	0.739823	0.616354	0.296515	0.499994	0.578396	0.413794	0.702267	0.441473	0.388662	0.190785	0.466134	0.362619	0.413615	0.643138	0.444264	0.394956	0.598457	0.220515	0.335313	0.689652	0.76395	0.768833	0.264938	0.842351	0.188966	0.172016	0.599845	0.338917	0.148989	0.316225	0.154844	0.40892	0.148101	0.27755	0.205898	0.226751	0.0701812	0.507272	0.408106	0.392575	0.530405	0.41189	0.263704	0.419535	
0.678891	0.442136	0.207653	0.714168	0.325635	0.671485	0.715341	0.591152	0.53904	0.314532	0.308472	0.142673	0.703851	0.28471	0.663352	0.384193	0.175438	0.600983	0.719395	0.683955	0.149544	0.151228	0.411691	0.490333	0.0963185	0.437958	0.490405	0.507496	0.3449	0.557133	0.386335	0.311636	0.680325	0.220179	0.454666	0.618986	0.406836	0.207812	0.421635	0.170391	0.265292	0.316389	0.305384	0.593646	0.713618	0.120179	0.267687	0.286884	0.0990084	0.408203	
0.39176	0.202891	0.525755	0.50808	0.230629	0.438046	0.529816	0.407449	0.230449	0.363014	0.494663	0.363026	0.49197	0.299725	0.3697	0.400798	0.424527	0.284394	0.508902	0.435733	0.412569	0.327912	0.447983	0.217106	0.293032	0.57664	0.667618	0.659075	0.459658	0.756977	0.399145	0.0384271	0.400574	0.470426	0.279745	0.386902	0.146577	0.305981	0.346796	0.188719	0.0641431	0.419666	0.140931	0.307324	0.491701	0.445754	0.594486	0.549295	0.235127	0.215427	
0.67874	0.314084	0.941758	0.891518	0.738109	0.805278	0.931104	0.837407	0.323596	0.872874	0.989288	0.834644	0.872329	0.809611	0.216831	0.461261	0.89132	0.326424	0.0457417	0.781886	0.871611	0.808852	0.957801	0.29474	0.755868	1.08373	1.16998	1.16587	0.582651	1.2553	0.456714	0.492199	0.700993	0.737583	0.284584	0.124736	0.366706	0.804969	0.359786	0.673689	0.557016	0.563873	0.441745	0.637743	0.0274668	0.823451	0.954447	0.795933	0.684123	0.694092	
0.502121	0.4378	0.340293	0.506115	0.119336	0.470852	0.50454	0.382183	0.477769	0.134083	0.24617	0.145354	0.497053	0.0813074	0.618359	0.517625	0.202141	0.526584	0.744972	0.487745	0.201281	0.104236	0.23457	0.463456	0.119358	0.332428	0.419502	0.414329	0.518427	0.507993	0.518152	0.260216	0.498894	0.42945	0.492153	0.626974	0.385348	0.0579442	0.512494	0.0894346	0.194974	0.482615	0.323325	0.421726	0.730932	0.316647	0.446612	0.498881	0.138613	0.216008	
0.490475	0.0266121	0.67607	0.66773	0.451034	0.586047	0.699587	0.589323	0.130269	0.581692	0.69936	0.54934	0.649413	0.518508	0.20313	0.321863	0.608004	0.190934	0.288144	0.571763	0.590288	0.521011	0.66869	0.0426853	0.471554	0.791976	0.878772	0.874128	0.427161	0.965009	0.318144	0.2005	0.507948	0.524382	0.102405	0.167225	0.0750741	0.513754	0.222413	0.383618	0.26526	0.39362	0.163221	0.423892	0.271764	0.568602	0.711111	0.596342	0.401277	0.420136	
1.11125	0.67682	0.550536	1.20309	0.826681	1.14547	1.21266	1.08553	0.822573	0.832725	0.787789	0.64879	1.18986	0.801782	0.880359	0.378072	0.652542	0.886506	0.774744	1.14904	0.626835	0.667464	0.927865	0.737941	0.614611	0.92128	0.940835	0.973892	0.270844	0.975811	0.382257	0.684017	1.12019	0.298687	0.607654	0.748639	0.687424	0.726359	0.4863	0.658463	0.683022	0.307976	0.598218	1.02697	0.789435	0.45617	0.445222	0.245184	0.589559	0.887639	
0.684083	0.452198	0.19777	0.716228	0.327519	0.674636	0.716701	0.592963	0.548318	0.311513	0.30049	0.13603	0.706144	0.283606	0.673088	0.39328	0.166507	0.610062	0.729742	0.687599	0.140363	0.147017	0.407816	0.500162	0.0950907	0.43061	0.481781	0.499484	0.352021	0.547834	0.395472	0.320383	0.6852	0.222575	0.46501	0.629273	0.416598	0.205492	0.431669	0.175085	0.273073	0.324123	0.315448	0.599016	0.723957	0.114034	0.260508	0.287516	0.105066	0.411728	
