15	50
66.7665	28.0784
60.0273	149.658
35.2924	143.869
13.9593	72.2605
0.579609	10.0712
70.4194	158.151
39.3592	149.106
45.1609	159.943
86.9604	75.2002
33.3013	138.786
79.2133	78.9449
16.0426	116.856
56.4373	118.892
12.3772	148.777
72.5212	31.0712
14.6711
28.1969
19.0884
23.1709
10.5222
22.9852
10.0144
6.2509
19.4922
19.1584
13.9423
28.4935
27.8327
3.9462
13.2312
3.55017
22.6206
14.5391
18.0518
12.2019
25.8771
24.2897
18.4594
18.0985
18.3222
22.4379
26.9795
0.143648
0.546137
20.2196
3.93584
9.07858
9.46371
23.5167
14.1584
28.5928
5.75415
13.4754
12.5574
0.866968
3.46652
22.2786
22.6886
20.8874
10.0499
17.6701
7.51129
18.4357
22.0485
16.0617
0.162034	0.683437	0.373047	0.127527	0.834204	0.823185	0.516596	0.334611	0.278227	0.632764	0.388285	0.141891	0.57308	0.736023	0.712608	0.963147	0.732459	0.746258	0.351993	0.222213	0.892393	0.420721	0.575093	0.219944	0.453956	0.826821	0.160088	0.43753	0.771989	0.352189	0.0926877	0.506324	0.715134	0.372535	0.887044	0.733375	0.729738	0.163313	0.172131	0.869263	0.487216	0.608205	0.810619	0.795148	0.74925	0.570727	0.651643	0.506097	0.797392	0.646123	
0.919852	0.222527	0.634587	0.796018	1.0019	0.289064	0.698749	0.65849	0.899731	0.881594	0.423366	0.865324	0.271404	0.885422	0.262434	0.541721	0.960709	0.440615	0.694098	0.727887	0.278826	0.659682	0.483508	0.812289	0.810768	1.01364	0.839203	0.731368	0.44471	0.494041	0.794173	0.47173	0.460065	0.593892	0.347297	0.418947	0.44549	0.953286	0.912995	0.699827	0.359046	0.715493	0.0935142	0.775431	0.0724278	0.630172	0.183117	0.367504	0.297862	0.362093	
0.545362	0.71931	0.754697	0.662978	0.358106	0.483605	0.0599066	0.232501	0.417923	0.209048	0.509084	0.496283	0.42492	0.235607	0.42642	0.480372	0.294121	0.312644	0.215697	0.345794	0.559611	0.145389	0.189247	0.386018	0.199712	0.363591	0.45625	0.149303	0.331895	0.341225	0.482013	0.747891	0.273993	0.722244	0.508036	0.31807	0.911693	0.603097	0.738039	0.312472	0.608411	0.0547184	0.609593	0.231125	0.661755	0.0435995	0.639202	0.339697	0.455227	0.791314	
0.181132	0.661516	0.45499	0.270836	0.680789	0.710169	0.357494	0.178931	0.184304	0.479093	0.357518	0.12418	0.485343	0.579068	0.605015	0.824289	0.580889	0.611026	0.192957	0.0629395	0.783763	0.263134	0.435819	0.0942843	0.300844	0.674683	0.0951651	0.278582	0.636626	0.253148	0.0758329	0.54154	0.57721	0.439988	0.768007	0.60085	0.758581	0.226849	0.331193	0.714217	0.474428	0.449122	0.729778	0.636196	0.695109	0.414929	0.612055	0.402676	0.682598	0.657474	
0.552245	0.747992	0.779067	0.680556	0.329755	0.50527	0.0647363	0.24946	0.419416	0.182386	0.536297	0.504785	0.453354	0.207349	0.451566	0.489587	0.265604	0.331029	0.228591	0.358935	0.580613	0.162145	0.216083	0.393707	0.192802	0.335017	0.464921	0.153259	0.349074	0.367432	0.494711	0.77518	0.292896	0.747167	0.526829	0.337979	0.940133	0.610389	0.752561	0.307921	0.636501	0.0293564	0.635478	0.214707	0.689657	0.0694267	0.667827	0.368389	0.4772	0.819797	
0.899189	0.125088	0.557863	0.745788	1.06227	0.386848	0.737823	0.67018	0.897892	0.926777	0.385558	0.84714	0.296895	0.942743	0.339312	0.642301	1.01246	0.521271	0.709062	0.723484	0.384593	0.68522	0.534282	0.807164	0.8371	1.07232	0.825065	0.758362	0.528987	0.491595	0.77222	0.384599	0.535319	0.519312	0.449918	0.498278	0.337874	0.926932	0.861963	0.783266	0.297062	0.766508	0.19723	0.846366	0.0618812	0.678941	0.121922	0.390822	0.39143	0.260449	
0.32665	0.497487	0.33196	0.257226	0.760613	0.607987	0.400064	0.21894	0.347817	0.565082	0.192875	0.275008	0.35483	0.646241	0.496307	0.765308	0.669625	0.547189	0.257094	0.183534	0.675637	0.298409	0.386275	0.255225	0.400653	0.758913	0.256079	0.348348	0.572612	0.140105	0.19973	0.384663	0.51995	0.30655	0.673987	0.531665	0.596809	0.357211	0.36129	0.707338	0.308908	0.484801	0.593726	0.661506	0.541751	0.423334	0.452165	0.290488	0.583013	0.492947	
0.418649	0.798188	0.740321	0.592524	0.359837	0.634437	0.108434	0.191772	0.27313	0.158973	0.540703	0.37798	0.524909	0.258221	0.563326	0.644137	0.262981	0.472167	0.151572	0.261042	0.711814	0.137721	0.324674	0.267873	0.0370528	0.355122	0.339992	0.0658811	0.49286	0.368597	0.38628	0.773492	0.433121	0.714878	0.66565	0.474952	0.96295	0.477183	0.646499	0.458959	0.654674	0.17166	0.738652	0.345475	0.767692	0.201095	0.724793	0.429838	0.605374	0.846179	
0.51474	0.33258	0.365088	0.417522	0.788564	0.441694	0.423858	0.299431	0.509721	0.61413	0.0831149	0.460874	0.173284	0.666617	0.32849	0.635553	0.713755	0.424941	0.34163	0.335154	0.502385	0.341267	0.30438	0.418282	0.484171	0.792293	0.436754	0.411555	0.448091	0.111547	0.388716	0.317558	0.40795	0.324964	0.513015	0.40462	0.486808	0.547878	0.531624	0.637704	0.178893	0.486378	0.404229	0.632137	0.353538	0.404185	0.273059	0.143357	0.420102	0.368937	
1.01798	0.659505	0.96807	1.02105	0.730147	0.194592	0.590378	0.681251	0.925473	0.701976	0.687695	0.961685	0.455991	0.645044	0.296803	0.1002	0.736696	0.236028	0.693411	0.796391	0.186079	0.624285	0.411451	0.866353	0.732795	0.748898	0.924	0.669117	0.21155	0.626097	0.916537	0.854482	0.273427	0.925529	0.121501	0.243408	0.895731	1.06932	1.12741	0.348713	0.701891	0.544035	0.37183	0.482695	0.514445	0.497562	0.586717	0.481275	0.20577	0.793569	
0.614061	0.264296	0.422024	0.512313	0.816435	0.360519	0.464186	0.372686	0.600176	0.656887	0.145379	0.559545	0.090148	0.693912	0.249898	0.576621	0.751304	0.379101	0.412649	0.426302	0.414474	0.39671	0.298786	0.510477	0.546758	0.822772	0.533919	0.469758	0.399296	0.193002	0.488587	0.329409	0.370692	0.379571	0.434456	0.356423	0.455887	0.648285	0.6278	0.616915	0.171996	0.511935	0.304144	0.634618	0.257469	0.424808	0.19152	0.122773	0.342352	0.335131	
0.727726	0.285143	0.215594	0.480807	1.18273	0.718496	0.815385	0.663058	0.798642	1.00102	0.319078	0.692623	0.481816	1.0615	0.62408	0.961346	1.10328	0.777649	0.705195	0.644526	0.747362	0.724472	0.693452	0.709347	0.852449	1.18531	0.689659	0.788798	0.796101	0.491278	0.615663	0.0804341	0.771842	0.199576	0.792687	0.754306	0.171769	0.730139	0.578068	1.01841	0.230143	0.882498	0.573753	1.0268	0.434971	0.800991	0.334447	0.518286	0.70925	0.15328	
0.822173	0.440522	0.723878	0.790054	0.728175	0.0681398	0.471406	0.500841	0.7549	0.633539	0.444813	0.76496	0.212069	0.617376	0.0526132	0.286455	0.699678	0.153361	0.524164	0.603771	0.143236	0.467224	0.251625	0.682141	0.604463	0.741931	0.730226	0.528957	0.156088	0.40328	0.709795	0.613449	0.178117	0.681304	0.134981	0.133349	0.676154	0.868652	0.900332	0.411245	0.459	0.462798	0.202638	0.492453	0.313945	0.386835	0.360689	0.250332	0.042354	0.566198	
0.680691	0.97783	0.997836	0.866169	0.0970184	0.682242	0.271976	0.449519	0.525114	0.123955	0.76689	0.645795	0.680089	0.0267418	0.653559	0.583376	0.0741241	0.498172	0.415637	0.534458	0.750364	0.37021	0.43563	0.538475	0.299009	0.103274	0.609495	0.322871	0.507523	0.595648	0.659853	1.00571	0.466652	0.968555	0.683541	0.513245	1.1729	0.738293	0.919458	0.334267	0.86907	0.208029	0.839342	0.18848	0.909904	0.295607	0.896474	0.59915	0.657314	1.05252	
0.383828	0.956768	0.827641	0.62693	0.386886	0.822114	0.29493	0.326946	0.227474	0.222027	0.676765	0.366718	0.699752	0.33603	0.749517	0.819968	0.284267	0.658104	0.285306	0.330828	0.899475	0.309332	0.511924	0.285276	0.159992	0.372085	0.340499	0.238655	0.678014	0.514727	0.411016	0.894976	0.619173	0.810046	0.852484	0.661804	1.09975	0.436032	0.647996	0.611641	0.795783	0.339012	0.921985	0.478116	0.941423	0.386309	0.888597	0.603358	0.793051	0.987945	
