10	40
120.669	24.3475
130.406	105.548
5.78315	20.6094
94.1761	45.6538
21.6164	159.503
31.9923	75.0975
169.931	97.2658
161.794	83.6565
113.763	112.459
41.6131	103.416
6.40948
3.99125
12.5058
12.3926
1.10287
10.2895
5.055
12.4379
12.1507
6.52244
1.80032
0.283665
6.66604
12.3923
9.3055
11.3808
1.57368
4.94099
2.92838
9.74873
0.158733
2.96956
12.5611
3.67792
7.35565
8.44404
6.63651
6.63659
12.4564
10.6606
4.41673
3.86221
9.69386
2.31003
12.3753
0.449916
6.46234
8.90009
6.25577
5.69121
0.327804	0.918371	0.939884	0.529109	0.607504	0.799182	0.739123	0.136064	0.587493	0.731126	0.637489	0.674084	0.56588	0.768646	1.06656	0.697687	0.368264	0.724464	0.125849	0.139093	0.722881	0.607769	0.768441	0.564107	0.175436	0.616501	0.826185	0.583142	0.838593	0.405856	0.720986	0.714494	0.279814	0.258006	0.786893	0.489597	0.824168	0.734717	0.642374	0.522558	
0.627601	0.436663	0.267426	0.222255	0.129673	0.476819	0.540622	0.734715	0.690491	0.0541031	0.43916	0.354893	0.301535	0.437465	0.384368	0.286246	0.437867	0.436826	0.843211	0.840425	0.267585	0.595284	0.254884	0.567867	0.817278	0.565465	0.286626	0.306868	0.583753	0.508831	0.539283	0.398729	0.615672	0.480532	0.68283	0.659524	0.51032	0.210817	0.258041	0.568153	
0.512427	0.823589	0.741879	0.268401	0.37108	0.425351	0.759913	0.300359	0.735452	0.456317	0.631931	0.613432	0.484675	0.395256	0.865493	0.343571	0.381625	0.350732	0.499677	0.511448	0.373236	0.697564	0.633344	0.220329	0.529654	0.264824	0.689334	0.505641	0.847913	0.0500362	0.746747	0.66796	0.465759	0.244953	0.864188	0.650598	0.801458	0.401113	0.299716	0.620169	
0.395625	0.282003	0.360661	0.35397	0.292416	0.757114	0.220907	0.695922	0.371894	0.373953	0.108913	0.0444173	0.0846919	0.714619	0.472675	0.559995	0.268729	0.698348	0.705611	0.692599	0.554879	0.269871	0.158161	0.742923	0.645004	0.762701	0.206064	0.0636412	0.28943	0.613228	0.215544	0.0993869	0.409468	0.408258	0.358173	0.363529	0.233716	0.511153	0.506532	0.26227	
0.421485	0.325843	0.332026	0.267445	0.199964	0.664812	0.313495	0.660172	0.446453	0.285078	0.198472	0.129938	0.0661937	0.622369	0.454756	0.467485	0.258686	0.606902	0.700931	0.691251	0.46218	0.350435	0.150629	0.661517	0.651677	0.678341	0.209073	0.0640692	0.37798	0.541512	0.308224	0.184255	0.424018	0.372048	0.4506	0.422685	0.316399	0.41879	0.414696	0.326801	
0.833661	0.602918	0.366936	0.367831	0.316339	0.377957	0.752508	0.863946	0.910524	0.18846	0.657347	0.569944	0.521142	0.351143	0.436564	0.25601	0.640185	0.373855	1.01043	1.01184	0.223241	0.815184	0.450339	0.575019	0.998814	0.552244	0.464308	0.526941	0.785251	0.582081	0.752845	0.609479	0.815823	0.649915	0.895572	0.877336	0.709018	0.178024	0.279726	0.787604	
0.493458	0.700002	0.607313	0.134221	0.236909	0.391133	0.664987	0.405476	0.681769	0.323829	0.536274	0.503761	0.3782	0.352806	0.730643	0.253407	0.325279	0.315889	0.568459	0.574529	0.277117	0.626883	0.506781	0.284657	0.576566	0.310915	0.561292	0.398443	0.746624	0.165104	0.653813	0.559239	0.455076	0.237367	0.781317	0.607634	0.693606	0.290359	0.19629	0.557952	
0.554093	0.502363	0.372255	0.108407	0.0395602	0.430691	0.549014	0.622322	0.656264	0.100789	0.431889	0.363647	0.272723	0.388543	0.493812	0.232771	0.360125	0.376673	0.740884	0.73991	0.226613	0.571395	0.307811	0.472186	0.721974	0.476729	0.353685	0.285298	0.608948	0.398192	0.543764	0.415567	0.534971	0.377395	0.685724	0.61066	0.541817	0.186053	0.184512	0.529006	
0.597577	0.785516	0.664173	0.212842	0.306934	0.297361	0.770587	0.438873	0.792138	0.358548	0.642262	0.603612	0.481254	0.263317	0.781851	0.207664	0.435082	0.221263	0.632821	0.642753	0.238675	0.737185	0.590002	0.183844	0.654586	0.202988	0.641221	0.500868	0.849351	0.131421	0.760105	0.659168	0.556563	0.333835	0.889779	0.716931	0.793143	0.273657	0.171986	0.668522	
0.601777	0.550125	0.398129	0.125268	0.0977983	0.373653	0.607792	0.633361	0.713624	0.091944	0.49114	0.421974	0.331749	0.331838	0.51402	0.175754	0.407832	0.322623	0.768363	0.769287	0.167732	0.630002	0.357917	0.437351	0.756102	0.436478	0.400018	0.344528	0.666217	0.383775	0.602754	0.473305	0.579511	0.407099	0.744871	0.665594	0.598014	0.127382	0.133322	0.585991	
