10	30
35.2553	72.779
83.5895	60.5067
0.81477	104.602
152.48	104.394
14.5495	20.986
81.9622	145.121
147.771	114.758
59.0256	54.6007
83.5141	53.6522
64.0557	126.411
8.55939
6.23058
17.31
14.0492
16.602
7.55533
15.9272
9.51306
8.98508
16.8954
11.0853
10.1142
3.94632
10.7196
13.4212
9.31762
16.8395
3.3339
0.971523
11.0169
4.41115
6.68115
11.3185
4.19309
0.126709
15.428
6.73745
14.7243
3.27738
6.64614
0.743201	0.606058	0.688281	0.597528	0.523303	0.150293	0.293372	0.563102	0.307405	0.817249	0.407688	0.471514	0.423774	0.336035	0.151529	0.642889	0.801188	0.647884	0.645458	0.79568	0.441647	0.79815	0.376988	0.740244	0.396876	0.131536	0.603875	0.357002	0.458633	0.650603	
0.322589	0.113991	0.532188	0.87033	0.78391	0.727494	0.852811	0.470318	0.608368	0.267441	0.726384	0.164321	0.487355	0.470218	0.677113	0.084057	0.956918	0.215514	0.160233	0.270266	0.157317	0.259635	0.249737	0.675165	0.273196	0.705664	0.21041	0.51789	0.582184	0.115785	
0.943459	0.819463	0.845621	0.615322	0.56379	0.0821532	0.140302	0.723592	0.404208	1.03014	0.450428	0.683204	0.575693	0.494062	0.183916	0.858277	0.842538	0.854386	0.856492	1.00636	0.65601	1.01012	0.586812	0.867385	0.600879	0.105574	0.810302	0.496379	0.57746	0.864921	
0.895247	0.954995	0.681229	0.25959	0.250194	0.437241	0.261291	0.589061	0.283265	1.04725	0.195657	0.730703	0.869685	0.429956	0.534536	0.967358	0.488966	0.845919	0.875085	1.00762	0.730655	1.02085	0.76551	0.635958	0.800404	0.449171	0.986223	0.392596	0.396401	0.988257	
0.226339	0.491454	0.15889	0.561533	0.486553	0.720077	0.75007	0.104014	0.405439	0.406078	0.477988	0.248742	0.738414	0.271722	0.724672	0.457168	0.595685	0.212959	0.266757	0.358084	0.2958	0.377295	0.48173	0.295836	0.528963	0.706091	0.57853	0.289037	0.282532	0.493071	
0.827577	0.720974	0.734714	0.553397	0.49046	0.0918	0.177195	0.611564	0.304794	0.917677	0.373319	0.570527	0.525668	0.381064	0.1724	0.75549	0.772354	0.739447	0.743121	0.892652	0.545624	0.897072	0.493596	0.76465	0.513738	0.093187	0.720725	0.387194	0.474881	0.764701	
0.732535	0.619181	0.663099	0.558567	0.484625	0.160512	0.273188	0.538165	0.270419	0.815921	0.368826	0.468902	0.45872	0.308781	0.182842	0.65248	0.762973	0.640884	0.642155	0.792058	0.442701	0.795792	0.394932	0.709568	0.418507	0.145986	0.62285	0.326077	0.425432	0.66231	
0.520807	0.440589	0.495914	0.567916	0.480784	0.3718	0.466796	0.373345	0.261219	0.602668	0.38916	0.25561	0.439132	0.182899	0.359253	0.460982	0.725721	0.426416	0.427939	0.577597	0.234756	0.581887	0.255694	0.576669	0.297187	0.353905	0.469654	0.227748	0.333685	0.477401	
0.533708	0.888306	0.244217	0.451174	0.435211	0.940572	0.879724	0.324785	0.545786	0.737389	0.518042	0.643189	1.10285	0.505527	0.984306	0.850278	0.320507	0.584761	0.645528	0.684772	0.686914	0.709661	0.860659	0.105301	0.909224	0.935239	0.975971	0.477116	0.376844	0.887078	
0.554014	0.42363	0.55033	0.617647	0.531456	0.348986	0.469239	0.429033	0.307488	0.618121	0.434661	0.27337	0.381732	0.24118	0.321505	0.452381	0.78166	0.453353	0.447291	0.597487	0.242429	0.59933	0.217497	0.634676	0.25418	0.328919	0.4407	0.284851	0.391581	0.464433	
