10	20
17.5192	73.5615
51.3081	131.983
4.02494	23.435
70.9057	106.133
135.006	91.616
83.4665	131.68
129.887	28.2023
112.717	143.452
174.175	144.657
119.899	107.525
0.370971
24.2909
14.4289
14.625
15.5333
17.6403
25.191
15.9458
20.706
7.14305
18.535
19.7556
25.6549
18.6576
23.551
20.6714
12.2835
2.49325
7.55157
22.3865
0.208688	0.262797	0.331572	0.114208	0.502365	0.298007	0.652497	0.260066	0.835422	0.460871	0.349515	0.764029	0.377041	0.559206	0.81022	0.419287	0.382394	0.4174	0.721937	0.238337	
0.14228	0.594262	0.304133	0.401132	0.314688	0.273199	0.509199	0.537052	0.969109	0.809399	0.688434	0.92877	0.725588	0.422859	0.926087	0.174367	0.487382	0.214478	0.738977	0.116938	
0.734269	0.816272	0.460072	0.704903	0.395208	0.498986	0.210735	0.684172	0.524459	1.08002	0.891365	0.566357	0.991476	0.281613	0.465036	0.53359	0.438648	0.488954	0.20166	0.741989	
0.260408	0.299201	0.439801	0.213137	0.600377	0.404547	0.758991	0.339442	0.932533	0.430471	0.365896	0.85608	0.360342	0.664886	0.910632	0.503442	0.492008	0.509033	0.832753	0.283915	
0.826408	0.509459	0.623362	0.584506	0.770299	0.64321	0.732147	0.440545	0.236412	0.664849	0.510607	0.133953	0.611192	0.70533	0.263234	0.82786	0.42967	0.783854	0.455476	0.854011	
0.405296	0.237276	0.539123	0.265015	0.718517	0.508955	0.860073	0.331879	0.928833	0.287511	0.267708	0.841961	0.229376	0.768679	0.916132	0.635811	0.542376	0.634884	0.881897	0.430563	
0.526021	0.308389	0.335122	0.30281	0.508562	0.349068	0.529086	0.188531	0.419951	0.553149	0.364445	0.3483	0.470416	0.472818	0.399424	0.54106	0.151259	0.501087	0.391588	0.553173	
0.623561	0.208184	0.523033	0.348689	0.715921	0.523246	0.760205	0.201848	0.529375	0.359793	0.194936	0.430885	0.297153	0.697183	0.53415	0.718115	0.37179	0.686615	0.608883	0.654277	
0.2921	0.234986	0.221514	0.0793976	0.420509	0.205107	0.529637	0.141814	0.658537	0.497961	0.331069	0.592042	0.405216	0.443605	0.631189	0.38831	0.205412	0.365146	0.547394	0.32151	
0.255754	0.711066	0.482801	0.53099	0.477789	0.450382	0.670977	0.678446	1.14631	0.889473	0.798495	1.10264	0.815029	0.590543	1.10429	0.338615	0.661585	0.384693	0.917683	0.225417	
