10	20
77.4675	151.881
32.2801	91.9088
55.7009	54.5838
78.9044	33.9215
13.8068	21.6217
87.7479	105.766
112.97	36.1083
28.6454	132.024
97.5652	121.744
96.666	140.462
1.54883
21.8685
11.1841
16.7249
1.71735
10.314
17.844
10.607
23.1715
4.31291
23.8962
17.2413
15.3835
2.01922
22.9832
15.6824
25.2005
11.8676
13.6521
29.4542
0.794971	0.119182	0.711939	0.432767	0.234259	0.258169	1.00165	0.113186	0.0750936	0.899468	0.648657	0.981091	0.593289	0.793404	0.889945	0.196253	0.38526	0.874579	1.04519	0.171416	
0.605514	0.352034	0.466536	0.186001	0.309123	0.410037	0.938217	0.13988	0.24297	0.665286	0.506663	0.780401	0.451227	0.623763	0.728614	0.0980635	0.167057	0.652506	0.816912	0.143623	
0.17743	1.02319	0.489288	0.652031	0.827069	0.937695	0.582218	0.900641	0.920196	0.303351	0.360612	0.0471171	0.403772	0.199974	0.167274	0.7814	0.612655	0.213079	0.260412	0.800989	
0.75108	0.282476	0.59603	0.315599	0.337074	0.401281	1.0506	0.0700462	0.204789	0.80589	0.641515	0.9269	0.585296	0.766352	0.870034	0.173651	0.313368	0.797451	0.959671	0.190748	
0.540281	0.425771	0.387293	0.108884	0.353477	0.464812	0.911809	0.219635	0.31377	0.586284	0.461502	0.709987	0.408152	0.565382	0.671693	0.152365	0.105572	0.576371	0.738893	0.199082	
0.38003	0.507129	0.543593	0.419521	0.295619	0.396931	0.536877	0.461802	0.42255	0.603011	0.183163	0.566636	0.14166	0.344181	0.422326	0.342168	0.297104	0.531997	0.703005	0.334728	
0.557621	0.392117	0.69311	0.512258	0.182689	0.244038	0.591997	0.429582	0.340317	0.777049	0.356097	0.742381	0.319601	0.5165	0.584247	0.337377	0.388722	0.709373	0.881171	0.306851	
0.279082	0.777595	0.616682	0.612573	0.56286	0.648869	0.317608	0.730818	0.696906	0.563136	0.159501	0.408692	0.207103	0.199446	0.206215	0.608013	0.511486	0.466162	0.601454	0.606242	
0.399151	0.465717	0.520448	0.374249	0.259608	0.369623	0.591193	0.408713	0.375847	0.601258	0.215576	0.588701	0.165477	0.373226	0.458856	0.288278	0.249954	0.537446	0.711251	0.282473	
0.156166	0.944796	0.534195	0.639236	0.739305	0.842504	0.45577	0.84775	0.848502	0.396197	0.26472	0.179304	0.316663	0.115612	0.0324835	0.724571	0.575411	0.2958	0.388018	0.737115	
