15	40
47.3302	61.024
61.0997	109.356
53.9328	131.145
46.5137	31.1866
48.491	101.011
21.0627	130.254
34.779	69.3632
30.0436	54.5037
63.2356	70.124
6.66293	94.6801
17.359	75.6759
0.567601	18.5837
58.3052	152.619
65.9304	68.2759
32.5221	140.298
10.5947
18.1452
20.167
19.179
18.7817
16.0454
20.0313
16.0832
3.98669
11.3126
1.04244
3.23998
0.591582
15.3278
17.5624
9.16825
14.5578
9.90283
12.0697
16.0446
10.3479
2.58369
1.68436
2.80678
6.86899
2.69347
7.82281
12.7749
2.86136
19.9639
9.51614
7.61414
3.40807
13.7688
13.456
8.62539
20.7358
16.3162
4.53618
13.8142
0.100763	0.632987	0.687758	0.444403	1.02318	0.613539	0.280982	1.04591	0.542908	0.922482	0.367822	0.714436	0.40613	0.990636	0.472061	0.394211	0.580138	0.685118	0.324178	0.779938	0.296486	0.958401	0.872881	0.142573	0.459955	0.894588	0.716271	0.666585	0.517248	0.764084	0.428627	0.917217	0.783627	0.861959	0.662385	0.569578	0.0935197	0.701565	0.871471	0.372987	
0.903773	0.60145	0.40953	0.714604	0.717016	0.42369	0.83014	0.779585	1.1287	0.410779	0.766311	0.317689	0.614753	0.620981	0.812707	0.812607	0.979115	0.359334	0.853802	0.164455	0.7205	0.728074	0.547368	0.765448	0.732268	0.401376	0.579149	0.909994	0.472808	0.483305	0.489825	0.110631	0.169859	0.572974	0.329645	0.957965	0.978486	0.207865	0.562788	0.775647	
0.412581	0.377139	0.504096	0.662387	0.7466	0.447308	0.552986	0.758848	0.313834	0.719717	0.0870168	0.764688	0.56916	0.733282	0.155997	0.0799358	0.27205	0.75148	0.0111298	0.765543	0.135962	0.674207	0.627708	0.314489	0.172328	0.694129	0.462136	0.3466	0.373466	0.540098	0.379007	0.814577	0.773451	0.609239	0.709102	0.257962	0.300488	0.642515	0.621909	0.618642	
0.676955	0.104055	0.0981446	0.719857	0.427222	0.0901808	0.717368	0.46726	0.650394	0.307557	0.327386	0.571771	0.591651	0.374352	0.331319	0.356371	0.483399	0.58289	0.422013	0.49167	0.339764	0.3823	0.252437	0.521125	0.25914	0.281093	0.128187	0.40966	0.142591	0.13879	0.280141	0.438919	0.502868	0.247896	0.528088	0.462616	0.657454	0.34712	0.254123	0.726828	
0.248361	0.459065	0.4808	0.39239	0.847246	0.404937	0.312237	0.878002	0.577321	0.715338	0.264037	0.536111	0.296991	0.80322	0.379743	0.313464	0.537312	0.514085	0.282538	0.578465	0.161465	0.790068	0.682052	0.0913691	0.332991	0.687283	0.536095	0.579959	0.308048	0.567419	0.212356	0.701581	0.58347	0.675261	0.481083	0.520577	0.282598	0.488882	0.682851	0.357985	
1.03294	0.347974	0.33353	1.05723	0.115122	0.405005	1.07215	0.178359	0.866606	0.191715	0.640023	0.815854	0.928578	0.0202635	0.590456	0.647723	0.668425	0.841299	0.726583	0.684962	0.681929	0.149008	0.105165	0.878017	0.549763	0.201662	0.262367	0.537764	0.492586	0.224161	0.626976	0.495548	0.696574	0.114372	0.788336	0.653097	0.997915	0.56548	0.104499	1.07419	
0.805643	0.644509	0.465175	0.574661	0.831402	0.452377	0.708039	0.891735	1.11965	0.533391	0.749192	0.162956	0.487827	0.738685	0.81613	0.800769	0.991803	0.205923	0.827767	0.0518497	0.684627	0.830327	0.648443	0.681758	0.734669	0.51823	0.642914	0.943901	0.46967	0.56236	0.440447	0.259013	0.0434233	0.669829	0.187378	0.970563	0.904093	0.194072	0.662407	0.642892	
0.731691	0.258519	0.451034	0.925892	0.487318	0.441917	0.851502	0.480533	0.363479	0.583156	0.284329	0.899294	0.811844	0.508345	0.171398	0.248866	0.164193	0.901178	0.321709	0.842326	0.382581	0.407431	0.439906	0.611994	0.212373	0.565542	0.303725	0.0512116	0.433826	0.411067	0.530298	0.791545	0.852995	0.411433	0.849056	0.150146	0.622465	0.698747	0.427384	0.90042	
0.859359	0.653325	0.467418	0.634866	0.811362	0.464487	0.76629	0.872915	1.1488	0.508198	0.779771	0.222833	0.546491	0.716772	0.840146	0.82985	1.01325	0.265918	0.861554	0.0944351	0.720863	0.815939	0.633842	0.731679	0.758642	0.49567	0.64377	0.957581	0.493321	0.556478	0.47898	0.218043	0.092155	0.657193	0.247253	0.991974	0.952212	0.212622	0.648522	0.70253	
0.826939	0.656712	0.475175	0.594121	0.834288	0.465298	0.728831	0.895097	1.13736	0.534103	0.767124	0.180472	0.50851	0.740823	0.832547	0.818382	1.00764	0.223623	0.846417	0.0700193	0.703725	0.835234	0.653141	0.702895	0.751038	0.519908	0.652714	0.957661	0.485745	0.569917	0.459861	0.252721	0.0631324	0.675229	0.20749	0.986384	0.925085	0.207869	0.667367	0.663032	
0.699948	0.240991	0.43256	0.892706	0.498656	0.41893	0.818432	0.495817	0.358442	0.576207	0.251621	0.87089	0.778931	0.513551	0.139921	0.217735	0.162763	0.871961	0.292343	0.817298	0.349409	0.419574	0.438136	0.579077	0.179185	0.55738	0.29399	0.0788201	0.406006	0.400365	0.499218	0.774225	0.827829	0.410758	0.820183	0.145647	0.593685	0.674278	0.426462	0.867129	
0.486818	0.392531	0.544478	0.751158	0.735468	0.496361	0.636824	0.740251	0.230797	0.745699	0.14142	0.846457	0.658638	0.733885	0.134405	0.094901	0.190781	0.835022	0.0795623	0.838699	0.220656	0.659258	0.6374	0.400702	0.190597	0.721658	0.473402	0.287651	0.433653	0.56295	0.457649	0.869274	0.847149	0.61552	0.79114	0.179836	0.353242	0.710343	0.629497	0.705646	
0.391853	0.593636	0.723292	0.728398	0.9482	0.663975	0.574263	0.953318	0.260721	0.939589	0.307084	0.925425	0.667103	0.943721	0.345799	0.287043	0.362188	0.904869	0.212848	0.951129	0.325172	0.872284	0.842861	0.379634	0.387196	0.914112	0.677437	0.486936	0.584162	0.759306	0.561882	1.02519	0.95774	0.822684	0.869958	0.360632	0.215515	0.839605	0.83605	0.663113	
1.02281	0.348184	0.461015	1.1352	0.181746	0.506475	1.10635	0.148105	0.694417	0.432874	0.579385	0.979645	1.00879	0.253418	0.489798	0.563981	0.497783	0.996413	0.644452	0.872433	0.6553	0.114287	0.277342	0.881434	0.486147	0.431827	0.296067	0.356602	0.56233	0.352896	0.696685	0.724951	0.884248	0.250204	0.941409	0.488566	0.943071	0.735411	0.261355	1.1321	
0.49884	0.642741	0.790897	0.839918	0.971443	0.737741	0.683614	0.969278	0.186763	0.995993	0.375067	1.02968	0.778337	0.977885	0.381878	0.341123	0.34256	1.01063	0.282122	1.04781	0.415073	0.892926	0.885721	0.491073	0.440233	0.97183	0.722792	0.48041	0.665202	0.813293	0.6579	1.10638	1.05495	0.862797	0.974016	0.347638	0.319243	0.930601	0.87717	0.773807	
