15	50
47.1043	139.004
79.5842	133.719
87.2556	92.0665
41.3632	55.1071
33.5762	150.372
8.41934	34.9427
54.1157	21.2494
30.5001	82.8773
77.7982	34.1093
4.01007	84.4718
40.8379	117.729
33.7368	87.8551
48.5461	119.638
1.51386	132.506
63.0091	140.08
4.60709
15.6597
7.65001
27.3012
24.2434
9.52571
12.3176
0.89796
10.4915
25.6598
11.8937
6.53621
19.6555
21.9459
26.3674
26.0157
15.8686
25.3856
0.388669
6.60234
26.2393
7.15468
20.7811
25.9078
13.1088
14.781
7.10389
0.376661
2.50833
25.0472
14.8172
7.65192
0.907152
15.0254
4.51268
20.123
4.16553
10.7721
26.0958
1.75292
12.3995
9.53835
17.2736
27.4306
4.32314
24.9588
24.0206
8.55277
11.3018
25.2169
0.377401	0.690078	0.269142	0.841579	0.416166	0.857967	0.413708	0.522967	0.454502	0.783428	0.863572	0.117136	0.57491	0.585678	0.276782	0.986241	0.699324	0.624642	0.990374	0.877243	0.764451	0.378632	0.185865	0.813224	0.883553	0.4293	0.769727	0.156837	0.504435	0.489942	0.322547	0.317831	0.233219	0.698588	0.571875	0.167357	0.445678	0.0773383	0.619725	0.557629	0.801639	0.927766	0.801148	0.561613	0.313992	0.0873409	0.614344	0.169616	0.664032	0.254043	
0.577048	0.204619	0.76714	0.372304	0.827482	0.147448	0.999508	0.443485	0.570331	0.433209	0.326834	0.974746	0.407434	0.329298	0.883895	0.311016	0.275383	0.495104	0.358503	0.101534	0.194797	0.866834	0.732824	0.142787	0.188457	0.750919	0.431722	0.884211	0.39025	0.754155	1.04936	0.641977	0.899594	0.205135	0.839262	0.843135	0.466071	0.904343	0.391362	0.724929	0.5346	0.406908	0.514856	0.342094	0.705036	0.870514	0.770593	1.03725	0.755115	0.648969	
0.29967	0.272575	0.441662	0.566897	0.577112	0.401407	0.547165	0.304002	0.144406	0.354145	0.562155	0.522508	0.123465	0.24886	0.553255	0.526437	0.238229	0.229812	0.534225	0.426417	0.397263	0.588584	0.344154	0.359914	0.423444	0.522139	0.540638	0.502583	0.132004	0.34602	0.697661	0.177572	0.547226	0.304099	0.453176	0.381607	0.0321512	0.492637	0.370233	0.58222	0.407923	0.482526	0.613732	0.126109	0.242893	0.463618	0.419088	0.622773	0.434999	0.263067	
0.45426	0.654633	0.427976	0.888757	0.591974	0.781299	0.228129	0.570277	0.31679	0.643009	0.898907	0.182038	0.471587	0.588682	0.472703	0.875753	0.61134	0.479291	0.870135	0.810403	0.762254	0.565382	0.300223	0.743234	0.796215	0.584579	0.833861	0.358555	0.480537	0.2887	0.534548	0.209431	0.434815	0.678262	0.361565	0.0470627	0.386205	0.287709	0.665193	0.702118	0.640056	0.794184	0.883993	0.509875	0.158026	0.286381	0.411126	0.36347	0.463581	0.313005	
0.435502	0.57892	0.452227	0.840185	0.61858	0.691309	0.251471	0.530786	0.219467	0.543083	0.845201	0.279042	0.379068	0.529436	0.518033	0.7784	0.520402	0.379397	0.771513	0.72268	0.696264	0.600523	0.317604	0.655366	0.70358	0.598649	0.793767	0.413594	0.415122	0.204973	0.602998	0.133356	0.486367	0.607377	0.295248	0.125818	0.311979	0.354567	0.621199	0.706067	0.540386	0.694468	0.851547	0.432523	0.0646579	0.344735	0.32945	0.448673	0.378645	0.302435	
0.516201	0.189739	0.704246	0.265135	0.747977	0.23843	1.00838	0.372295	0.585836	0.506853	0.220617	0.948012	0.432958	0.274838	0.818062	0.415616	0.321084	0.540531	0.461702	0.198708	0.106197	0.791031	0.686856	0.215826	0.285063	0.670506	0.325779	0.830916	0.362652	0.780783	0.984514	0.635724	0.838307	0.163178	0.874244	0.827074	0.456198	0.859831	0.305277	0.632944	0.608669	0.501892	0.407988	0.335912	0.704554	0.825237	0.813125	0.991033	0.804387	0.606746	
0.217941	0.403346	0.332355	0.297655	0.309985	0.609818	0.894292	0.158407	0.593132	0.750352	0.33711	0.692355	0.542782	0.270551	0.420109	0.798916	0.5508	0.674683	0.831947	0.595313	0.350954	0.36149	0.395877	0.562726	0.657161	0.233884	0.208599	0.480636	0.341293	0.779172	0.579216	0.537363	0.455502	0.36574	0.890261	0.636278	0.427786	0.542005	0.155112	0.180217	0.831896	0.827638	0.223548	0.410605	0.609073	0.50924	0.870956	0.651872	0.891689	0.359336	
0.604082	0.720465	0.605706	1.00256	0.771254	0.803125	0.101282	0.697829	0.328859	0.604024	1.00468	0.333827	0.49353	0.687696	0.655678	0.858726	0.633764	0.449782	0.842617	0.839899	0.847233	0.747024	0.473783	0.773481	0.806893	0.758407	0.959745	0.541533	0.57064	0.184549	0.712935	0.293196	0.617893	0.754364	0.20699	0.230152	0.462442	0.468902	0.786477	0.870384	0.572438	0.754632	1.01935	0.575185	0.217831	0.469265	0.280627	0.529872	0.336541	0.469005	
0.793128	0.802803	0.830855	1.12967	0.997155	0.82232	0.275925	0.855822	0.419875	0.561888	1.12117	0.581186	0.551856	0.812684	0.893312	0.821066	0.670835	0.45136	0.791568	0.866358	0.944439	0.97885	0.696106	0.806182	0.810967	0.974513	1.10422	0.783074	0.69607	0.219383	0.959908	0.462224	0.858396	0.846643	0.111491	0.472332	0.587518	0.713921	0.932184	1.07578	0.492346	0.693964	1.17466	0.671951	0.397281	0.711463	0.177972	0.777884	0.210861	0.67241	
0.747551	0.409884	0.91959	0.723216	1.03147	0.228259	0.886102	0.66685	0.502747	0.184528	0.683707	0.98535	0.370191	0.542914	1.03583	0.0890803	0.273992	0.342767	0.054889	0.267598	0.513336	1.05492	0.834186	0.262849	0.180664	0.963786	0.763107	0.993267	0.516964	0.607681	1.18653	0.630183	1.03461	0.453907	0.651582	0.831457	0.514603	0.981815	0.662562	0.981211	0.247218	0.0494233	0.85041	0.43565	0.661462	0.953819	0.56454	1.10966	0.526686	0.75088	
0.0874	0.298127	0.277484	0.400561	0.359872	0.504902	0.706086	0.0784015	0.388838	0.579665	0.418048	0.550318	0.356562	0.160367	0.394595	0.67933	0.399379	0.482841	0.703214	0.505802	0.327731	0.388857	0.264499	0.455323	0.545666	0.291027	0.340997	0.401211	0.160096	0.574619	0.55972	0.336545	0.410307	0.284627	0.685659	0.463284	0.226608	0.435756	0.175661	0.32772	0.651081	0.679428	0.394666	0.240511	0.410182	0.400833	0.666326	0.56428	0.68828	0.195757	
0.851408	0.901726	0.864121	1.21718	1.02978	0.934669	0.239059	0.929664	0.508905	0.679919	1.21224	0.567847	0.653357	0.89885	0.912559	0.939871	0.77872	0.562275	0.911043	0.977782	1.0404	1.00526	0.731656	0.916117	0.925485	1.01572	1.18512	0.796674	0.780789	0.307125	0.959034	0.525303	0.873419	0.943264	0.215309	0.487141	0.670622	0.72094	1.01165	1.12513	0.612169	0.813635	1.25138	0.765394	0.453392	0.724301	0.294314	0.765284	0.330563	0.721395	
0.676179	0.621149	0.75453	0.960627	0.916185	0.626485	0.373683	0.711245	0.268819	0.366608	0.947368	0.597871	0.370262	0.649516	0.837858	0.627125	0.479172	0.258024	0.59998	0.671032	0.765449	0.908638	0.622687	0.612052	0.614283	0.88009	0.944785	0.741857	0.537965	0.129547	0.935223	0.359286	0.811339	0.66766	0.108265	0.45553	0.436277	0.687515	0.777224	0.965672	0.304919	0.503801	1.02061	0.500318	0.318219	0.675534	0.0192002	0.780023	0.0455649	0.577163	
0.151955	0.501471	0.118228	0.616132	0.279999	0.692058	0.562257	0.300465	0.397778	0.686906	0.639629	0.337723	0.456833	0.379175	0.220612	0.845758	0.552828	0.548746	0.859761	0.702699	0.553857	0.272854	0.0405854	0.643921	0.725614	0.255468	0.543738	0.182041	0.323014	0.523068	0.366869	0.278128	0.214681	0.499841	0.627945	0.292488	0.306553	0.207949	0.395956	0.368141	0.732239	0.814717	0.577325	0.39603	0.326506	0.173028	0.639337	0.337465	0.677255	0.0705782	
0.424035	0.806463	0.23394	0.832308	0.245487	1.00579	0.7023	0.56445	0.696053	1.00318	0.869132	0.376501	0.775174	0.671774	0.118865	1.16478	0.872171	0.857931	1.1796	1.01244	0.831367	0.18784	0.308455	0.95686	1.04169	0.308034	0.743358	0.159064	0.63734	0.773124	0.0483559	0.56196	0.105459	0.796026	0.862032	0.459843	0.625958	0.21793	0.643431	0.424752	1.04135	1.13405	0.741937	0.71362	0.583156	0.224381	0.897166	0.202187	0.943648	0.389237	
