15	40
21.9655	29.0141
46.8283	131.618
42.4311	19.0491
81.2721	110.86
4.51585	130.997
36.913	127.192
47.367	81.0642
6.89707	31.6407
70.3618	128.175
18.7184	147.582
29.4106	130.49
2.52288	51.512
80.7567	102.862
58.451	49.0811
74.9353	156.055
24.1144
23.5384
22.5954
1.11546
21.1477
9.30459
8.69139
11.2858
33.4568
33.7003
15.3644
13.516
2.41113
18.8637
26.4786
5.64023
22.363
34.4164
20.8868
25.9968
4.08315
0.491981
17.9682
8.37132
32.26
33.6653
29.224
9.70614
30.7461
14.7789
33.4156
17.3301
16.2211
6.03668
29.4462
22.0405
12.3336
6.37483
12.5317
1.68254
0.767994	0.0606417	0.213575	0.0812321	0.518954	0.673629	0.626438	0.512678	0.689653	0.084602	0.661882	0.527819	0.677038	0.775821	0.698164	0.599724	0.710076	0.188718	0.533649	0.322205	0.233154	0.824499	0.212204	0.761379	0.867552	0.136182	0.781498	0.618407	0.323935	0.116803	0.24219	0.580211	0.560689	0.607746	0.0413983	0.888307	0.991679	0.159157	0.351279	0.801338	
0.628914	0.364791	0.334162	0.451305	0.852093	0.972179	0.916097	0.636195	0.924521	0.332452	0.969597	0.840967	0.921056	0.928878	0.88995	0.304835	0.543279	0.504104	0.793862	0.587334	0.418956	0.711517	0.590666	1.03066	0.774118	0.437596	0.465112	0.934978	0.0694149	0.454241	0.601224	0.260059	0.839485	0.744185	0.408833	0.875018	0.987542	0.304872	0.541218	0.576687	
0.808511	0.104325	0.253473	0.0523482	0.471803	0.633866	0.589827	0.519356	0.665507	0.138262	0.619845	0.486599	0.650974	0.767809	0.683678	0.659244	0.755176	0.168843	0.507199	0.30548	0.252697	0.860492	0.152417	0.727713	0.900055	0.134811	0.841078	0.574566	0.388429	0.100214	0.193016	0.641706	0.528453	0.607762	0.0539968	0.908254	1.00849	0.208558	0.35373	0.85156	
0.75077	0.243903	0.236617	0.106176	0.336256	0.488019	0.441467	0.398319	0.51444	0.198381	0.476342	0.342248	0.499706	0.625021	0.536455	0.675762	0.712147	0.0438292	0.355959	0.161583	0.185341	0.789721	0.105835	0.577868	0.820109	0.285153	0.853627	0.433358	0.477842	0.248076	0.0757466	0.670564	0.377887	0.475128	0.200406	0.802047	0.895691	0.23037	0.23416	0.823279	
0.481154	0.594678	0.471106	0.650623	0.992038	1.07849	1.01946	0.667658	0.989338	0.529041	1.08299	0.966523	0.992344	0.939021	0.929236	0.106768	0.390784	0.668605	0.88738	0.710983	0.546309	0.569995	0.785682	1.11201	0.638165	0.67746	0.215874	1.05715	0.320112	0.688174	0.778596	0.056456	0.941116	0.765227	0.63164	0.781352	0.889653	0.474661	0.63313	0.37415	
0.346687	0.62927	0.383906	0.544163	0.557384	0.552152	0.4966	0.110114	0.406075	0.509501	0.569877	0.502978	0.417943	0.315212	0.321562	0.532552	0.362483	0.447944	0.372824	0.350612	0.345102	0.34548	0.589229	0.540028	0.354306	0.714097	0.644663	0.566709	0.638094	0.689388	0.529159	0.568643	0.430235	0.154419	0.616586	0.314793	0.414092	0.449012	0.254674	0.492677	
0.491706	0.515811	0.398777	0.572781	0.923544	1.01699	0.958321	0.620494	0.93682	0.45096	1.02002	0.900613	0.938293	0.900427	0.882717	0.130481	0.401598	0.594591	0.827612	0.64381	0.476648	0.579223	0.708577	1.05621	0.64592	0.599141	0.284296	0.992288	0.24635	0.609394	0.703451	0.0799085	0.879934	0.722062	0.552688	0.774398	0.885105	0.398408	0.571299	0.409919	
0.274748	0.971968	0.717884	0.904896	0.900628	0.847929	0.802251	0.474437	0.667773	0.850404	0.873062	0.840287	0.68891	0.478409	0.560498	0.645859	0.363063	0.816322	0.702368	0.72166	0.700453	0.187661	0.959993	0.792612	0.120496	1.06281	0.657412	0.884263	0.900826	1.04279	0.900615	0.699436	0.753061	0.452161	0.96786	0.0972158	0.153502	0.780874	0.625602	0.432107	
0.472415	1.00084	0.75801	0.906004	0.787985	0.695109	0.660119	0.438835	0.50892	0.882307	0.724118	0.724401	0.53329	0.301189	0.405022	0.812207	0.548588	0.799567	0.590086	0.679091	0.714874	0.398159	0.92689	0.616584	0.341889	1.08266	0.859417	0.746327	0.999502	1.05546	0.859663	0.860894	0.629509	0.365457	0.984706	0.153024	0.112228	0.823095	0.605145	0.643948	
0.199676	0.809419	0.555378	0.743443	0.771602	0.743266	0.692171	0.329555	0.574783	0.687841	0.765107	0.714313	0.592491	0.415715	0.472483	0.528923	0.266404	0.657672	0.579087	0.57004	0.538686	0.151072	0.803215	0.70703	0.137315	0.900224	0.579008	0.769192	0.74905	0.880355	0.746052	0.5788	0.633846	0.332953	0.805363	0.149717	0.261773	0.618547	0.470262	0.373557	
0.525356	0.663847	0.55183	0.726782	1.07373	1.15991	1.10084	0.745556	1.06862	0.604768	1.1646	1.04833	1.0721	1.01266	1.00642	0.166763	0.436981	0.748662	0.968565	0.792754	0.627766	0.613784	0.863037	1.19219	0.68231	0.743145	0.198088	1.13891	0.377972	0.756371	0.857951	0.130854	1.02252	0.841331	0.703016	0.835958	0.941776	0.553046	0.714717	0.396719	
0.773292	0.546954	0.44852	0.409583	0.124728	0.191696	0.139492	0.323833	0.230452	0.480696	0.188273	0.0728449	0.210277	0.398636	0.291104	0.840467	0.769921	0.301828	0.0852718	0.194307	0.364131	0.778497	0.338156	0.274504	0.783667	0.584027	0.99792	0.158799	0.744726	0.545106	0.271018	0.853588	0.0768759	0.325901	0.50375	0.69645	0.762402	0.480201	0.267264	0.898374	
0.948066	0.815718	0.718775	0.677841	0.258657	0.0840926	0.1368	0.512703	0.208499	0.755023	0.10078	0.23116	0.19024	0.40461	0.314737	1.08415	0.965956	0.574949	0.26492	0.466404	0.633967	0.930367	0.585629	0.088457	0.91664	0.843125	1.22796	0.150335	1.01827	0.803266	0.526815	1.1039	0.213918	0.456017	0.770106	0.780994	0.811533	0.753855	0.521515	1.09644	
0.479615	0.781502	0.640117	0.83131	1.14684	1.21597	1.15664	0.780469	1.10706	0.710896	1.2239	1.11535	1.11351	1.02614	1.03437	0.204918	0.400391	0.839091	1.02292	0.865445	0.708592	0.563546	0.963688	1.23581	0.630546	0.865019	0.0952832	1.20274	0.506109	0.875233	0.951215	0.206203	1.07921	0.866609	0.817326	0.801213	0.900088	0.652037	0.77748	0.322895	
0.691512	0.348068	0.253218	0.215048	0.274445	0.39851	0.346412	0.297834	0.40262	0.27361	0.392243	0.26117	0.389502	0.509249	0.420439	0.676254	0.665289	0.0988914	0.246056	0.0489383	0.173846	0.719701	0.198879	0.476533	0.742711	0.399178	0.846257	0.355252	0.539868	0.363082	0.13332	0.680632	0.275902	0.364538	0.309702	0.705956	0.794535	0.276032	0.146683	0.785172	
