10	50
76.2476	40.6146
56.8391	20.5551
82.5905	33.7984
19.166	16.4343
65.7061	123.338
1.52942	11.1107
27.7401	154.721
45.2711	156.442
17.1874	36.0365
46.0574	40.3696
4.79801
4.1474
6.01156
12.2934
11.0611
7.52192
3.73238
0.686831
0.339687
6.11375
2.0595
9.43491
9.71448
4.36689
4.55207
3.7357
3.97227
2.47972
9.72912
7.94009
12.26
12.1851
5.83849
5.42466
1.20234
0.185946
3.06279
5.4561
8.27561
7.29689
7.48423
8.84606
3.36802
11.1864
12.8105
8.09325
3.53312
7.37362
6.77983
1.55868
11.5016
5.86359
12.7182
0.816645
5.8544
8.21366
5.47579
5.78997
12.9599
0.604249
0.290384	0.80567	0.595645	0.845057	0.857275	0.632917	0.451155	0.236621	0.134629	0.308596	0.929236	0.178665	0.239958	0.610367	0.298892	0.668788	0.115796	0.201115	0.033402	0.477871	0.141555	0.592376	0.74137	0.191643	0.719715	0.145695	0.0777397	0.426008	0.330664	0.168585	0.432732	0.499705	0.640572	0.385393	0.531661	0.497151	0.506245	0.651978	0.505286	0.0689091	0.51749	0.589687	0.207577	0.343261	0.451936	0.462275	0.810926	0.783332	0.240179	0.642	
0.402717	0.648725	0.774068	0.718796	0.962752	0.454571	0.46655	0.0699573	0.235859	0.535998	0.773748	0.0776171	0.0422109	0.737981	0.443774	0.814519	0.145297	0.445076	0.218682	0.304469	0.365851	0.43216	0.773232	0.216149	0.856986	0.386934	0.250336	0.63906	0.443468	0.393189	0.255478	0.732455	0.607509	0.538136	0.446046	0.650548	0.641547	0.638814	0.722755	0.303286	0.595952	0.73551	0.437826	0.135114	0.583763	0.215093	0.67969	0.598214	0.369199	0.748511	
0.568291	0.648082	0.541997	0.546468	0.276062	0.701857	0.422925	0.817697	0.981551	0.746216	0.677778	0.900242	0.845403	0.36974	0.580335	0.416161	0.901174	0.930945	0.870517	1.18544	0.956482	0.651446	0.115454	1.02056	0.383197	0.813829	0.932273	0.683064	0.532271	0.761505	1.138	0.796647	0.317586	0.532821	0.499143	0.479952	0.434058	0.267455	0.707892	0.812261	0.345955	0.429124	0.983353	0.807836	0.458676	0.988732	0.558688	0.747648	0.619087	0.300824	
0.167567	0.730691	0.500769	0.755789	0.739065	0.575078	0.333335	0.239165	0.254616	0.260703	0.850926	0.237359	0.255599	0.495309	0.183146	0.55976	0.199521	0.258209	0.142772	0.559657	0.239498	0.526826	0.618492	0.30457	0.608317	0.146902	0.200925	0.357518	0.208604	0.126188	0.511641	0.456922	0.527631	0.275061	0.437792	0.389095	0.392088	0.534898	0.441452	0.0908166	0.394409	0.479939	0.289204	0.330387	0.335975	0.489811	0.724386	0.724095	0.118113	0.522724	
0.296389	0.937492	0.453507	0.95325	0.772612	0.786983	0.495296	0.430452	0.304075	0.130112	1.05542	0.38651	0.439445	0.522924	0.262534	0.556732	0.323082	0.0991862	0.240497	0.676134	0.170477	0.737715	0.732192	0.369884	0.612588	0.068324	0.245567	0.25527	0.318817	0.0947646	0.633362	0.299298	0.694534	0.307693	0.635811	0.395566	0.424153	0.689092	0.322417	0.150963	0.492837	0.484879	0.158461	0.531748	0.383687	0.668234	0.924335	0.935554	0.255385	0.572846	
0.346424	0.491696	0.725883	0.554348	0.856437	0.305963	0.340113	0.113256	0.374735	0.552583	0.617068	0.221963	0.131774	0.654109	0.401439	0.739237	0.271114	0.528673	0.313813	0.440112	0.470356	0.273814	0.636203	0.371988	0.774065	0.437664	0.3674	0.631406	0.3792	0.423257	0.394201	0.745066	0.452243	0.487822	0.282409	0.590279	0.56909	0.488956	0.71527	0.360401	0.49143	0.664244	0.538604	0.0615726	0.513856	0.253504	0.515868	0.455348	0.332669	0.650773	
0.549215	0.621029	0.927265	0.714219	1.08724	0.422308	0.573247	0.209294	0.368451	0.699718	0.740481	0.230844	0.188592	0.875807	0.595892	0.957084	0.298353	0.600879	0.377858	0.224946	0.515167	0.422492	0.868875	0.326122	0.995868	0.550176	0.398708	0.800905	0.587588	0.557065	0.18767	0.896269	0.676662	0.688872	0.49744	0.798652	0.784405	0.717335	0.884919	0.466676	0.720416	0.87954	0.58671	0.172313	0.727276	0.0571226	0.673265	0.544778	0.521676	0.878263	
0.258852	0.475249	0.631243	0.514184	0.748191	0.316768	0.232058	0.17997	0.411003	0.49329	0.597841	0.280137	0.206516	0.549338	0.317635	0.63601	0.309085	0.513081	0.325039	0.540976	0.4731	0.267772	0.531581	0.424652	0.668927	0.405984	0.387364	0.556352	0.285921	0.379627	0.493681	0.677904	0.359796	0.39671	0.209306	0.493045	0.468094	0.391118	0.638408	0.340348	0.383844	0.562624	0.53485	0.169854	0.4145	0.361569	0.479254	0.465138	0.257147	0.543522	
0.354604	0.478686	0.499805	0.416108	0.423929	0.47438	0.17292	0.559104	0.74147	0.586133	0.550431	0.646422	0.586651	0.335315	0.386418	0.421754	0.653951	0.732191	0.633457	0.924588	0.739503	0.417517	0.151972	0.77442	0.423186	0.610017	0.697559	0.563513	0.329062	0.560434	0.877395	0.694269	0.0982325	0.376685	0.249866	0.38181	0.331265	0.0526342	0.616206	0.590473	0.189094	0.384907	0.77787	0.546486	0.321033	0.728645	0.40939	0.554491	0.402222	0.283968	
0.419371	0.254581	0.73022	0.282023	0.731672	0.167917	0.265152	0.390129	0.640255	0.680797	0.371667	0.498308	0.411817	0.598932	0.477483	0.690857	0.536838	0.737645	0.557245	0.699482	0.704014	0.108836	0.453944	0.647483	0.706539	0.623938	0.619344	0.71432	0.426257	0.589713	0.657838	0.845516	0.231026	0.527596	0.0685411	0.59164	0.550935	0.283868	0.788493	0.566335	0.420709	0.633147	0.763739	0.324174	0.511954	0.468808	0.247235	0.279849	0.440898	0.566119	
