10	40
77.4557	151.947
12.7665	61.6355
48.7282	121.226
54.1588	156.732
32.9465	145.228
129.937	95.6466
173.291	135.761
161.922	123.048
121.199	73.4658
56.3664	61.1465
1.10433
26.3229
12.9354
23.3112
14.5809
26.6617
25.4202
0.165779
0.0627508
21.2737
23.1215
6.57632
3.93601
1.73532
8.56751
20.6949
17.0624
20.2903
10.7809
15.8763
22.3113
21.8214
21.8112
5.24502
0.901413
0.0581489
22.6209
20.7502
11.3344
26.7543
21.2162
18.2433
4.7001
19.2846
16.654
11.0707
6.47181
16.3129
7.81868
7.05705
0.276422	0.645274	0.0418865	0.546059	0.864393	0.778561	0.0943251	0.533885	0.916623	0.361571	0.121607	0.32673	0.210167	0.547454	0.575198	0.42735	0.0760483	0.631481	0.1915	0.517643	0.648593	0.659052	0.176123	0.244614	0.484612	0.840624	0.73604	0.682632	0.85318	0.290101	0.577594	0.862822	0.412189	0.0178616	0.462917	0.339144	0.193109	0.481799	0.323876	0.873981	
0.31244	0.500436	0.248621	0.494467	0.614197	0.51063	0.351181	0.394074	0.665858	0.0914741	0.206491	0.0856665	0.177226	0.46202	0.309613	0.239981	0.277959	0.434014	0.384072	0.615611	0.378733	0.40437	0.396647	0.197612	0.465977	0.606412	0.538209	0.422175	0.584575	0.177533	0.363144	0.592775	0.464537	0.260863	0.524284	0.256422	0.185291	0.257852	0.269157	0.657789	
0.47865	0.546918	0.242767	0.744697	0.856933	0.856928	0.259933	0.446638	0.907943	0.441057	0.163342	0.376795	0.203232	0.739881	0.616559	0.581383	0.279831	0.578553	0.381312	0.313567	0.704046	0.767467	0.353238	0.427618	0.324043	0.971319	0.673686	0.704148	0.892332	0.46008	0.721531	0.912868	0.616295	0.220715	0.267208	0.265542	0.376764	0.617845	0.513886	1.01932	
0.756786	0.479847	0.747137	0.797048	0.177824	0.191955	0.849847	0.468925	0.214075	0.408759	0.674116	0.440023	0.599414	0.733945	0.189981	0.510459	0.776709	0.337111	0.875574	0.92126	0.135961	0.305569	0.892937	0.647796	0.683711	0.463071	0.352325	0.0964637	0.0968328	0.595764	0.456478	0.131073	0.876274	0.757679	0.815255	0.550414	0.662112	0.43635	0.671315	0.560825	
0.256948	0.731278	0.396439	0.265249	0.706735	0.455393	0.473962	0.636055	0.752016	0.262641	0.436892	0.327973	0.438785	0.21364	0.398301	0.0384266	0.393411	0.631411	0.429781	0.877393	0.409214	0.295422	0.46452	0.197714	0.734065	0.421068	0.724067	0.508046	0.598738	0.145779	0.156607	0.584014	0.339215	0.419129	0.790233	0.523931	0.245504	0.108864	0.15768	0.441177	
0.68899	0.864932	0.81169	0.57237	0.601611	0.24267	0.89983	0.81412	0.62252	0.535634	0.811498	0.608926	0.776295	0.505625	0.455865	0.428472	0.817778	0.724577	0.864235	1.19525	0.377561	0.211385	0.898342	0.627097	0.992598	0.0352229	0.771065	0.482293	0.409615	0.56983	0.27812	0.364189	0.736232	0.831999	1.0937	0.801679	0.669545	0.365118	0.590348	0.131421	
0.246093	0.658816	0.337094	0.328005	0.668635	0.455836	0.423577	0.560747	0.716309	0.188548	0.362483	0.249551	0.359311	0.284453	0.352639	0.0557981	0.3415	0.565781	0.398429	0.798497	0.380442	0.307717	0.428318	0.155073	0.653577	0.467868	0.662062	0.467534	0.581161	0.0961578	0.203507	0.573108	0.361141	0.35842	0.710315	0.443507	0.193598	0.113883	0.155264	0.500558	
0.277974	1.05051	0.404496	0.386951	1.1765	0.970404	0.354166	0.938361	1.22643	0.649178	0.540761	0.660904	0.618861	0.440441	0.859256	0.540395	0.357816	1.00699	0.236154	0.91885	0.89975	0.811638	0.260842	0.390931	0.912023	0.905301	1.11232	0.976474	1.10227	0.439276	0.662912	1.09354	0.192226	0.41689	0.88112	0.752097	0.391363	0.620261	0.366827	0.891018	
0.924702	0.48737	0.892734	0.973767	0.0627133	0.339683	0.994886	0.51648	0.0489139	0.562971	0.804134	0.579851	0.721747	0.910601	0.344533	0.685491	0.926321	0.365426	1.03228	0.981255	0.310766	0.477128	1.04608	0.812892	0.736335	0.607022	0.326883	0.228049	0.165259	0.763402	0.63204	0.212663	1.04921	0.900514	0.877922	0.646717	0.822475	0.612474	0.842542	0.705703	
0.12271	0.829965	0.338979	0.172683	0.861496	0.62248	0.3858	0.725199	0.908617	0.367869	0.428377	0.411867	0.463502	0.166804	0.546198	0.19613	0.316838	0.74951	0.306858	0.879387	0.569308	0.461626	0.347695	0.153889	0.779177	0.562757	0.848975	0.660635	0.763938	0.153878	0.312135	0.75062	0.17247	0.362934	0.805961	0.577124	0.200607	0.274716	0.0656427	0.562446	
