15	40
2.9472	12.3948
54.4609	35.3196
14.6292	121.028
13.3	84.3937
53.6884	17.7208
44.7571	147.766
67.5552	15.1741
33.9174	21.505
68.1639	41.795
33.6392	33.4751
43.8723	10.1768
74.7809	47.9836
14.1535	130.609
62.8117	53.921
59.4245	137.499
12.2939
11.6935
4.95656
7.59739
13.028
6.59589
19.3393
22.5419
11.8757
5.69847
18.3371
4.71066
18.1895
11.9287
12.234
13.0253
21.8372
0.811203
3.37467
15.5458
11.3421
11.0942
6.35273
16.4055
5.79799
1.67655
10.2009
6.85484
3.81414
15.57
17.2104
3.65168
24.6327
24.6425
2.37201
18.6638
11.0679
17.6676
1.62157
9.1261
0.898834	0.481048	0.966449	0.618853	0.817634	0.399901	0.464015	0.86929	0.891771	0.5297	0.532261	0.992111	0.503677	0.664271	1.04288	0.361631	0.990375	0.654222	1.14109	0.669269	0.53104	0.555479	0.454228	0.542865	0.736426	0.27285	0.935388	0.96892	0.589195	0.235068	0.436631	0.554397	0.213204	0.609225	0.892533	0.801132	0.713182	0.288923	0.763806	0.275942	
0.441408	0.456947	0.966637	0.798518	1.10292	0.613883	0.272634	1.0773	0.477358	0.374842	0.575847	0.940199	0.652554	0.430704	0.839912	0.298159	0.748974	0.101303	0.94391	0.998522	0.31881	0.679533	0.132133	0.168363	0.901304	0.55973	0.598277	0.678104	0.664093	0.373094	0.602022	0.900986	0.372946	0.225336	1.01504	0.777987	0.226419	0.408705	0.702639	0.630897	
0.606306	0.599897	0.259063	0.565358	0.738965	0.693241	0.717724	0.608472	0.533631	0.600026	0.538779	0.172581	0.595113	0.494301	0.10471	0.795103	0.199645	0.847914	0.097418	0.779595	0.637763	0.548504	0.893952	0.761703	0.523757	0.805486	0.386345	0.292968	0.499958	0.895551	0.64822	0.7901	0.947896	0.692904	0.460333	0.292549	0.727574	0.800835	0.30764	0.835714	
0.458193	0.163458	0.417093	0.324944	0.628393	0.305217	0.303034	0.562621	0.404562	0.183363	0.13927	0.403035	0.24041	0.157293	0.402243	0.364456	0.35549	0.514525	0.501517	0.576851	0.23532	0.222745	0.491073	0.383944	0.389985	0.390804	0.35918	0.355333	0.174793	0.45906	0.259035	0.524072	0.511636	0.343604	0.473481	0.226623	0.434537	0.364647	0.155241	0.437885	
0.405685	0.124492	0.630358	0.464335	0.774703	0.323458	0.0913205	0.736392	0.383578	0.0301063	0.236193	0.614694	0.327511	0.152162	0.571555	0.175317	0.499634	0.325814	0.676633	0.688231	0.032405	0.344393	0.277747	0.17964	0.559741	0.334872	0.419338	0.461385	0.321754	0.295732	0.294747	0.605881	0.341793	0.16834	0.669246	0.439578	0.284873	0.229976	0.368363	0.404115	
0.65882	0.425515	0.130111	0.296594	0.488862	0.45553	0.588837	0.37357	0.589691	0.470425	0.328313	0.14192	0.351757	0.419581	0.313221	0.638918	0.34542	0.794052	0.366338	0.511863	0.522805	0.300839	0.777553	0.670384	0.257052	0.578831	0.476575	0.412498	0.262	0.713385	0.415132	0.519507	0.766957	0.623445	0.23876	0.0609538	0.699208	0.611557	0.136877	0.595417	
0.412525	0.358266	0.87267	0.700217	1.00554	0.519961	0.174269	0.978604	0.434472	0.277209	0.477103	0.849401	0.554858	0.343725	0.763433	0.212101	0.676132	0.123697	0.868565	0.903625	0.221902	0.58105	0.0899589	0.0752891	0.802565	0.474716	0.539157	0.611924	0.565343	0.307259	0.505944	0.808229	0.319342	0.148876	0.9168	0.683093	0.198675	0.324913	0.608767	0.547175	
0.180489	0.36727	0.747376	0.683737	0.993817	0.572026	0.261419	0.934261	0.195376	0.261268	0.45972	0.704208	0.562456	0.215531	0.565714	0.359983	0.47065	0.200505	0.666917	0.923489	0.22046	0.567868	0.325691	0.188516	0.760695	0.580288	0.310864	0.393732	0.532115	0.485766	0.540132	0.849072	0.516144	0.111924	0.84062	0.572561	0.075106	0.455167	0.493883	0.651358	
0.886512	0.379642	0.651614	0.275329	0.433662	0.173959	0.508726	0.489253	0.849185	0.48243	0.331538	0.699902	0.236591	0.581533	0.828212	0.455061	0.808871	0.779989	0.908885	0.288544	0.522776	0.2754	0.628461	0.629246	0.378084	0.19565	0.828547	0.823736	0.328126	0.410906	0.215262	0.17367	0.444924	0.653482	0.533933	0.528445	0.773104	0.345483	0.525029	0.132551	
0.349743	0.177786	0.517286	0.438533	0.745738	0.372561	0.233017	0.682542	0.304565	0.121412	0.226436	0.489384	0.333519	0.0392041	0.426855	0.319285	0.355637	0.402837	0.53209	0.686057	0.15214	0.328043	0.409566	0.285186	0.509491	0.427021	0.296741	0.324007	0.286283	0.434945	0.331142	0.623555	0.483341	0.232236	0.59123	0.332001	0.31555	0.356542	0.254383	0.486883	
0.0615653	0.531409	0.81725	0.823088	1.12698	0.737927	0.439474	1.05215	0.134046	0.42841	0.609607	0.758678	0.715868	0.34625	0.567605	0.537282	0.469046	0.306224	0.655704	1.07147	0.394424	0.713409	0.481235	0.357229	0.885162	0.755577	0.282487	0.37721	0.671176	0.661902	0.702479	1.00581	0.689737	0.28803	0.942432	0.664423	0.192642	0.633139	0.589013	0.825713	
0.758348	0.312197	0.804869	0.474402	0.712249	0.245307	0.32455	0.742483	0.743353	0.369881	0.363476	0.826231	0.345371	0.502801	0.872754	0.231685	0.821589	0.557879	0.970815	0.574484	0.379987	0.396459	0.374647	0.424337	0.594394	0.118564	0.774752	0.803315	0.425296	0.135177	0.275743	0.461177	0.158023	0.477879	0.747188	0.634465	0.591281	0.1323	0.594509	0.157282	
0.869662	0.414087	0.428434	0.0885376	0.239848	0.265416	0.592133	0.248478	0.815818	0.515565	0.305974	0.491536	0.211558	0.562343	0.670986	0.580241	0.678722	0.861428	0.733182	0.166147	0.569951	0.197189	0.756542	0.709922	0.134531	0.3774	0.752101	0.719569	0.237456	0.586166	0.263632	0.153029	0.632001	0.704812	0.286031	0.355992	0.815985	0.493893	0.386737	0.348136	
0.604533	0.448471	0.155731	0.377301	0.576166	0.512759	0.594611	0.457248	0.533096	0.474076	0.368074	0.111799	0.41183	0.39938	0.224782	0.656974	0.262311	0.774532	0.281569	0.599701	0.521596	0.363459	0.780787	0.662659	0.34537	0.630436	0.408592	0.336273	0.31752	0.743763	0.469267	0.603322	0.797173	0.606873	0.316661	0.104908	0.6698	0.644368	0.141188	0.654891	
0.711933	0.476633	0.0788993	0.310476	0.464146	0.490596	0.643305	0.339996	0.642039	0.525587	0.374562	0.120426	0.386301	0.476629	0.336742	0.690411	0.381756	0.85104	0.374821	0.503793	0.578531	0.334551	0.83214	0.726656	0.248549	0.616426	0.52428	0.455185	0.301619	0.760584	0.452704	0.524101	0.814046	0.680378	0.197245	0.116883	0.756116	0.65822	0.193881	0.627651	
