10	40
148.029	105.816
37.2018	99.5194
142.85	31.9609
15.9184	91.0027
7.39404	116.472
164.795	68.0455
57.979	93.3414
162.284	26.4532
166.418	82.3868
7.74594	151.787
5.71986
3.60283
0.605542
12.1639
2.41048
0.197699
7.71314
19.1052
14.9632
18.0514
5.91193
7.3293
3.94193
12.266
14.5297
16.5414
17.8019
2.49169
3.45472
16.3299
6.97294
4.40267
16.3221
20.6224
11.5448
0.537669
1.20653
20.4457
14.106
18.3707
20.8861
13.4393
21.0933
11.7519
18.7351
11.8916
6.76074
5.28033
4.2324
19.6588
1.21935	0.61788	0.0734801	0.240625	1.0102	0.5158	0.740577	1.08247	0.709234	0.412514	1.15577	0.496989	0.616346	0.13223	1.00574	0.921333	0.564626	0.16003	0.84851	0.820224	0.627955	0.873543	0.876346	1.04455	0.200409	0.882637	0.507876	0.319982	0.724663	0.928659	0.867628	0.763645	0.630976	0.676323	1.22381	0.175088	0.537009	0.607482	0.428016	0.26043	
0.791689	0.222497	0.496952	0.321403	0.644718	0.172393	0.232167	0.639576	0.164719	0.151758	0.72178	0.0769702	0.604663	0.56657	0.474878	0.678081	0.24929	0.474191	0.887971	0.874588	0.628564	0.457834	0.693399	0.57949	0.384244	0.932254	0.351998	0.445694	0.181476	0.46914	0.402929	0.411122	0.54675	0.656895	0.876104	0.513915	0.365351	0.0499914	0.148609	0.316756	
0.64959	0.606471	0.919107	0.854364	0.451351	0.654444	0.707579	0.619283	0.782795	0.778086	0.630763	0.770531	0.298111	0.795282	0.812067	0.24247	0.571277	0.758433	0.207222	0.22842	0.286947	0.534117	0.160535	0.654045	0.768629	0.231761	0.496482	0.601173	0.942427	0.616245	0.622001	0.465567	0.302493	0.238528	0.506625	0.739709	0.472478	0.814012	0.749368	0.75972	
0.825291	0.213378	0.405894	0.23284	0.654565	0.119938	0.287572	0.675928	0.245032	0.0523145	0.756437	0.0325971	0.528972	0.462716	0.548331	0.654277	0.207839	0.369835	0.815647	0.799729	0.552281	0.478408	0.655651	0.623269	0.281299	0.859552	0.279117	0.342864	0.286891	0.507935	0.44183	0.405428	0.479987	0.585288	0.886133	0.408728	0.298607	0.146929	0.0429372	0.213644	
0.436203	0.392529	0.848985	0.738298	0.209396	0.470564	0.459554	0.367486	0.54287	0.615166	0.398442	0.582769	0.326981	0.771368	0.541336	0.063801	0.382785	0.70688	0.444434	0.453071	0.336531	0.264013	0.110201	0.390921	0.683758	0.480787	0.367034	0.550564	0.707237	0.345529	0.353584	0.21499	0.263437	0.309036	0.367353	0.705237	0.33719	0.597081	0.584075	0.65203	
0.722147	0.493494	0.894258	0.720488	0.696454	0.529022	0.350165	0.59117	0.304281	0.559267	0.66113	0.480695	0.919087	0.974105	0.311733	0.835408	0.560272	0.881612	1.17385	1.16904	0.942643	0.529995	0.891362	0.517453	0.791735	1.21706	0.68955	0.838128	0.237172	0.470311	0.437415	0.581743	0.843928	0.956007	0.886557	0.920616	0.688931	0.365873	0.554304	0.724288	
1.15696	0.558475	0.0783172	0.201943	0.947092	0.457897	0.6849	1.02084	0.65765	0.363122	1.09366	0.446893	0.557884	0.0992377	0.950163	0.858504	0.503618	0.0983543	0.797358	0.76978	0.570386	0.811885	0.814528	0.98393	0.141005	0.832735	0.444613	0.25852	0.683114	0.868324	0.807925	0.701098	0.569758	0.618606	1.1605	0.121185	0.473717	0.559512	0.375955	0.20461	
0.469929	0.155507	0.729135	0.571534	0.316886	0.26128	0.124071	0.321004	0.212822	0.400183	0.401097	0.332652	0.492852	0.724942	0.275504	0.394374	0.212218	0.636598	0.726468	0.724276	0.514728	0.127961	0.440877	0.273279	0.572552	0.768869	0.317435	0.52352	0.376698	0.156651	0.0950931	0.1291	0.412393	0.519053	0.547009	0.657912	0.301553	0.295548	0.372409	0.514983	
0.94921	0.495059	0.456147	0.456744	0.719666	0.450966	0.650111	0.843437	0.674592	0.482203	0.898581	0.529284	0.212302	0.306288	0.883085	0.567811	0.424274	0.294028	0.414659	0.386891	0.214696	0.652766	0.498411	0.832928	0.342828	0.449879	0.296612	0.177621	0.781326	0.733777	0.692731	0.528439	0.264742	0.261231	0.893591	0.261707	0.307252	0.629834	0.467641	0.370147	
0.996778	0.820854	0.914916	0.916618	0.790246	0.827486	0.955632	0.95563	1.01306	0.908394	0.974617	0.932327	0.395571	0.750784	1.11465	0.579908	0.76367	0.755739	0.146517	0.140105	0.371483	0.837005	0.488528	0.981453	0.805424	0.116442	0.647277	0.633876	1.15521	0.924434	0.91474	0.740025	0.463747	0.350609	0.851742	0.719141	0.636522	1.00906	0.886479	0.825904	
