10	30
8.09742	151.979
113.767	33.378
44.9584	114.059
69.2235	28.0434
95.4134	63.0066
127.884	61.3804
10.8481	134.949
86.2118	103.831
76.4486	79.0873
8.85262	152.753
21.1668
1.74669
8.11426
9.95194
6.3503
4.8288
3.25294
4.54057
8.44676
16.8612
9.89108
19.2646
15.2221
2.54618
3.05249
21.481
0.0990518
7.13253
21.1211
0.888397
9.86187
9.80501
0.500996
21.7235
16.2945
3.45461
21.0533
17.9571
2.83704
18.0428
0.84464	0.65855	0.555348	0.132591	0.716603	0.504612	0.303971	0.747431	0.719595	0.447929	0.404156	0.500364	0.461293	0.544668	0.764525	0.766451	0.513181	0.191405	0.304734	0.407226	0.403246	0.801586	0.351028	0.369697	0.120021	0.393753	0.769274	0.44443	0.172635	0.799087	
0.221052	0.558216	0.378796	0.882481	0.267345	0.521469	0.938134	0.0936313	0.258797	0.567944	0.555529	0.71511	0.633833	0.297912	0.301507	0.104876	0.475501	0.654493	0.921583	0.807431	0.916893	0.275188	0.963498	0.94593	0.868168	0.878345	0.646244	0.770259	0.673185	0.174998	
0.832394	0.518454	0.542463	0.445064	0.701644	0.741316	0.0400297	0.819404	0.874878	0.697617	0.356382	0.296886	0.732542	0.626428	0.726379	0.81237	0.457238	0.406417	0.0221613	0.715755	0.719393	0.77055	0.663774	0.684667	0.197642	0.0986029	1.02927	0.215142	0.396015	0.92744	
0.0567828	0.364935	0.246744	0.859999	0.0849265	0.603065	0.820127	0.188104	0.409946	0.632704	0.432483	0.550677	0.705097	0.277425	0.0950124	0.122989	0.329345	0.622571	0.802134	0.858439	0.956626	0.0691977	0.984572	0.974011	0.787967	0.737987	0.794235	0.617145	0.639448	0.358664	
0.0813753	0.469896	0.368805	0.96956	0.206653	0.672409	0.942466	0.222982	0.437056	0.710079	0.554806	0.667809	0.780471	0.375898	0.196433	0.165297	0.451314	0.732784	0.924455	0.943805	1.04704	0.153153	1.08186	1.06881	0.908139	0.858991	0.827303	0.736582	0.750265	0.36063	
0.471115	0.0921404	0.271344	0.717806	0.362511	0.737649	0.47148	0.557857	0.713281	0.727685	0.226267	0.137301	0.792452	0.441432	0.356055	0.519891	0.188434	0.527415	0.452829	0.871863	0.929493	0.399826	0.913693	0.919593	0.531424	0.3514	1.01431	0.219663	0.53376	0.717725	
0.767902	0.394117	0.519017	0.658412	0.649427	0.863959	0.26474	0.818067	0.928908	0.832768	0.36643	0.182542	0.881605	0.656012	0.653418	0.792743	0.421758	0.559403	0.251669	0.900758	0.922199	0.698054	0.876791	0.893989	0.41602	0.135653	1.1561	0.135751	0.555281	0.958059	
0.40485	0.579312	0.342326	0.644261	0.353586	0.259888	0.78801	0.192298	0.109866	0.304622	0.45316	0.65416	0.371181	0.170439	0.416504	0.251392	0.425347	0.434357	0.774276	0.544187	0.654301	0.418677	0.704251	0.685129	0.678515	0.763144	0.441755	0.68403	0.453124	0.173338	
0.754489	0.79106	0.572951	0.387794	0.6679	0.116911	0.719629	0.560636	0.40789	0.0686472	0.558911	0.755349	0.0158987	0.432385	0.732619	0.613294	0.60729	0.312293	0.713655	0.176495	0.291007	0.749206	0.357694	0.331596	0.550135	0.760918	0.323848	0.743143	0.321076	0.510488	
0.713273	0.541487	0.424256	0.230114	0.585133	0.437867	0.313724	0.622655	0.615138	0.390438	0.281144	0.409961	0.423512	0.418643	0.633397	0.638381	0.386371	0.0991119	0.306553	0.424341	0.45483	0.670201	0.426674	0.436139	0.165272	0.35847	0.721936	0.370035	0.0870858	0.687169	
