10	20
178.811	96.3555
147.437	123.556
53.0175	41.5582
44.0425	127.046
53.7055	66.5738
50.5604	43.4703
40.086	110.266
53.5411	42.8985
65.0905	114.223
70.698	124.621
22.9335
4.5034
5.25497
3.56664
21.9066
31.4941
3.13529
9.82517
18.9227
30.1958
1.56995
11.2099
7.75938
28.38
1.98262
22.3671
18.5012
29.9131
22.4092
1.02516
0.698145	0.377884	0.307554	0.332004	0.692425	0.171725	0.603308	0.194118	0.0922074	0.794448	0.822442	0.945806	0.815783	0.548177	0.580509	0.077162	0.418621	0.468274	0.815161	0.895116	
0.599286	0.315215	0.200445	0.220831	0.665386	0.102984	0.511676	0.0839359	0.183552	0.68232	0.710215	0.850487	0.717211	0.523799	0.482772	0.060778	0.332554	0.382912	0.705909	0.791061	
0.867576	0.463964	0.713437	0.590554	0.417645	0.666231	0.260203	0.726388	0.927172	0.656523	0.660979	0.206083	0.211362	0.453797	0.311964	0.816501	0.423736	0.37346	0.405289	0.31294	
0.872682	0.329529	0.640503	0.513676	0.258119	0.543072	0.228421	0.6274	0.799229	0.709193	0.720253	0.369883	0.324778	0.280209	0.288126	0.699136	0.323049	0.278314	0.493641	0.44154	
0.864927	0.32766	0.635261	0.508432	0.266073	0.540724	0.220472	0.623532	0.79751	0.700584	0.71159	0.363301	0.316502	0.285215	0.280271	0.696544	0.318578	0.273285	0.484916	0.433382	
0.303279	0.586961	0.448261	0.421803	0.865564	0.61752	0.42538	0.551356	0.799953	0.0663227	0.0870092	0.515874	0.403517	0.794563	0.37229	0.67719	0.484015	0.47726	0.225368	0.367494	
0.588328	0.382947	0.487438	0.381529	0.560662	0.522973	0.130835	0.534727	0.771649	0.389695	0.399065	0.272809	0.133322	0.519931	0.115507	0.64805	0.291229	0.25332	0.184384	0.207832	
0.105467	0.778528	0.499175	0.547751	1.10954	0.727971	0.687938	0.615711	0.824695	0.257467	0.26896	0.812257	0.699967	1.01531	0.629102	0.723043	0.687218	0.698577	0.520614	0.661356	
0.831577	0.172025	0.52842	0.407163	0.218362	0.382913	0.252241	0.488229	0.629078	0.727423	0.744773	0.524513	0.441813	0.138268	0.292957	0.539508	0.217081	0.195529	0.566131	0.557101	
0.719157	0.582507	0.697203	0.597305	0.664627	0.738904	0.319267	0.751303	0.989171	0.460043	0.455426	0.09909	0.0975566	0.666171	0.32778	0.865582	0.50055	0.457103	0.194603	0.0569772	
