10	30
123.79	70.9677
170.713	31.448
127.298	81.1124
40.2492	28.6744
33.3813	74.8373
37.1974	125.921
29.6106	99.1114
13.1206	71.8974
3.51102	37.1925
134.209	27.1503
9.10527
10.2457
11.888
6.26522
7.66683
11.3642
3.5715
12.8278
12.0511
5.85614
3.6029
4.30667
5.83527
3.58793
4.67158
11.288
9.10884
11.6168
2.59844
6.45798
4.17719
9.78301
1.12319
7.88606
3.20503
1.71691
12.1482
0.899376
11.1563
10.0926
0.309341	0.465348	0.61428	0.540981	0.807174	0.756055	0.662804	0.647215	0.480928	0.586189	0.701629	0.795189	0.311969	0.374474	0.393988	0.65091	0.112649	0.565191	0.478287	0.523332	0.352389	0.354259	0.0830413	0.533358	0.181023	0.427879	0.808263	0.183381	0.682784	0.515682	
0.681459	0.337267	0.116153	0.288826	0.295172	0.467024	0.0504987	0.581566	0.386676	0.155828	0.339803	0.200045	0.440947	0.408471	0.926931	0.0316395	0.587661	0.292949	0.504537	0.720504	0.894673	0.847881	0.685877	0.538205	0.546174	0.22925	0.324146	0.650199	0.248147	0.553903	
0.215928	0.531349	0.393267	0.239853	0.515217	0.815576	0.523098	0.804809	0.139761	0.350168	0.374935	0.552577	0.0778413	0.499015	0.477042	0.504699	0.255607	0.588898	0.114712	0.787306	0.453074	0.391795	0.349377	0.704434	0.433433	0.268509	0.765415	0.508466	0.39123	0.700203	
0.703863	0.451974	0.101027	0.264014	0.180903	0.572962	0.150314	0.697571	0.373244	0.141029	0.257341	0.0892711	0.469817	0.517574	0.959713	0.139	0.643732	0.409329	0.4887	0.834954	0.930863	0.87695	0.746289	0.654674	0.637825	0.283741	0.40593	0.742735	0.165206	0.670004	
0.572899	0.154417	0.489351	0.522911	0.712587	0.424584	0.450914	0.327518	0.531184	0.485348	0.672084	0.648297	0.41743	0.0528931	0.722974	0.44752	0.3689	0.258272	0.598499	0.306846	0.681906	0.672314	0.412906	0.217073	0.156991	0.341587	0.508095	0.233641	0.611813	0.207864	
0.895339	0.238419	0.555028	0.682961	0.746664	0.0743215	0.415526	0.165062	0.74231	0.579477	0.783003	0.63438	0.692809	0.312298	1.07149	0.427372	0.708574	0.182469	0.842498	0.403204	1.03098	1.01523	0.764069	0.21036	0.50951	0.519085	0.25875	0.570684	0.696062	0.23827	
0.38319	0.274086	0.368511	0.337343	0.576196	0.573075	0.408983	0.532343	0.321693	0.346449	0.497885	0.548118	0.198867	0.224243	0.582711	0.396721	0.217707	0.3548	0.380098	0.517551	0.545113	0.515735	0.305468	0.428916	0.196145	0.183635	0.578282	0.296587	0.458103	0.423802	
0.549099	0.606807	0.233616	0.139575	0.194355	0.807738	0.397132	0.886419	0.203609	0.204393	0.0339691	0.285291	0.367642	0.633124	0.809894	0.379324	0.575927	0.60609	0.281975	0.962431	0.790082	0.72355	0.678313	0.816109	0.672875	0.316034	0.669815	0.770687	0.109638	0.823693	
0.202718	0.686379	0.743456	0.620159	0.898603	0.983307	0.83091	0.882452	0.527587	0.706203	0.763004	0.918569	0.379152	0.60244	0.158733	0.815878	0.218656	0.780899	0.470298	0.748172	0.117242	0.131489	0.152748	0.768594	0.416086	0.57037	1.01392	0.40497	0.772612	0.750956	
0.619748	0.0670338	0.438082	0.499591	0.660563	0.349562	0.377681	0.29157	0.525897	0.441177	0.638066	0.58515	0.436957	0.035317	0.790126	0.376608	0.427388	0.170783	0.607389	0.341158	0.749736	0.733958	0.484086	0.196003	0.23921	0.316099	0.42069	0.321037	0.569295	0.198455	
