10	50
89.9286	14.8133
12.7882	43.1855
21.2131	125.326
60.2141	27.5133
38.5956	146.361
48.3905	130.431
66.0938	155.252
83.8847	152.142
54.4159	151.905
59.681	139.269
15.3007
8.00843
7.55025
10.1086
0.667116
16.4483
19.8759
5.6649
14.4269
20.1634
2.41007
6.53185
13.7527
9.13764
13.4645
13.1613
12.3329
6.63564
19.4955
18.9656
17.5893
1.48657
6.84679
16.8994
2.70675
1.24161
11.9941
13.7924
17.5621
12.517
15.1534
0.807839
5.73931
4.29246
18.6342
12.2922
1.35703
18.0494
12.9252
19.0094
3.92363
16.1536
5.8372
13.25
4.85942
12.0777
14.0871
1.20796
8.09397
18.6092
0.926631	0.770942	0.996045	0.72277	0.0976358	0.561503	0.762316	0.428834	0.917216	0.270258	0.897578	0.271412	0.765923	0.764679	0.611044	0.840208	0.771168	1.0308	0.353357	0.729306	1.20029	1.16574	0.437832	0.826482	0.860462	0.817912	1.0441	0.134017	0.588797	0.184407	0.393607	0.368069	0.715848	0.7759	0.694366	0.511833	0.48022	0.576049	0.269296	0.849093	0.743547	0.525278	0.933717	0.573724	0.591317	0.531344	0.696033	0.795101	0.530287	0.765063	
0.335908	0.214561	0.551381	0.641703	0.546501	0.302929	0.39485	0.282311	0.567062	0.517703	0.308542	0.397594	0.62625	0.149688	0.282189	0.225756	0.166778	0.426215	0.400667	0.28661	0.587226	0.60144	0.282261	0.59431	0.558204	0.212402	0.459007	0.482736	0.026965	0.448982	0.399615	0.251906	0.495244	0.460214	0.172042	0.183729	0.40282	0.380953	0.381571	0.261356	0.208459	0.181607	0.686858	0.379453	0.203917	0.21868	0.410072	0.242317	0.211546	0.17544	
0.491816	0.530203	0.829372	1.07839	0.943072	0.751791	0.279333	0.558608	0.294565	0.958657	0.189891	0.718171	1.05072	0.35857	0.718606	0.320359	0.433734	0.4712	0.658641	0.259553	0.494937	0.694346	0.550268	0.993233	0.93305	0.426137	0.155395	0.867591	0.475553	0.855852	0.628596	0.672461	0.915898	0.851646	0.557444	0.477091	0.563727	0.828029	0.716876	0.482165	0.258069	0.639011	1.06425	0.468504	0.647063	0.674248	0.368767	0.542143	0.667484	0.288195	
0.546763	0.426889	0.753193	0.743359	0.429736	0.414847	0.324946	0.069074	0.501598	0.472508	0.432942	0.212963	0.746	0.335229	0.422066	0.402997	0.377015	0.628721	0.190384	0.263241	0.776284	0.814353	0.0682912	0.741198	0.72393	0.420254	0.574989	0.353464	0.193077	0.347196	0.185764	0.193478	0.628897	0.622406	0.37336	0.0411506	0.1972	0.485338	0.206367	0.474103	0.272701	0.286858	0.844055	0.20748	0.34987	0.325621	0.291686	0.454819	0.318462	0.308182	
0.720459	0.571969	0.840572	0.675949	0.188271	0.420141	0.550766	0.209827	0.716426	0.284131	0.669763	0.0803687	0.700901	0.542733	0.457192	0.617347	0.557827	0.819196	0.176728	0.506284	0.983254	0.97251	0.219591	0.732947	0.745089	0.604616	0.815934	0.110161	0.369137	0.127157	0.216448	0.166853	0.615447	0.648997	0.499254	0.284215	0.299607	0.462072	0.0601217	0.642907	0.51547	0.342281	0.842513	0.378093	0.415233	0.361399	0.494694	0.598136	0.357833	0.538022	
0.275357	0.293364	0.0637591	0.513848	0.886119	0.420584	0.852896	0.774972	0.995814	0.759248	0.579857	0.8496	0.452185	0.460221	0.368827	0.45857	0.378483	0.335514	0.882925	0.739475	0.47283	0.256017	0.777112	0.346525	0.258684	0.36014	0.657699	0.854745	0.520173	0.796104	0.890926	0.647636	0.360802	0.258088	0.33735	0.685874	0.905356	0.429246	0.826797	0.294316	0.628992	0.471515	0.357861	0.881972	0.39834	0.454016	0.89356	0.267487	0.45676	0.545235	
0.670453	0.511191	0.651805	0.362645	0.273719	0.236331	0.775243	0.465145	0.954102	0.113244	0.75967	0.399248	0.398563	0.586625	0.293329	0.658387	0.553834	0.783825	0.488625	0.693433	0.96421	0.86668	0.474539	0.455841	0.494041	0.594649	0.908856	0.282884	0.432391	0.219493	0.523476	0.261177	0.347049	0.417036	0.436262	0.473288	0.59524	0.220111	0.37472	0.599764	0.649966	0.2822	0.562965	0.649443	0.31413	0.260015	0.746053	0.527708	0.264071	0.628104	
0.660448	0.499803	0.677919	0.428562	0.226066	0.24675	0.714241	0.397115	0.892213	0.108071	0.721195	0.327984	0.459839	0.55382	0.30109	0.627858	0.53037	0.77227	0.417275	0.637146	0.951045	0.873121	0.406682	0.507858	0.537401	0.573657	0.871616	0.22111	0.390104	0.156221	0.452327	0.198454	0.394421	0.452704	0.422552	0.412522	0.524959	0.252714	0.303372	0.586592	0.601555	0.256681	0.616657	0.581644	0.303526	0.244226	0.681188	0.519256	0.246376	0.587235	
0.62329	0.539931	0.883062	0.923482	0.573164	0.589379	0.169456	0.179433	0.331181	0.644768	0.414771	0.32288	0.922689	0.395861	0.589009	0.441562	0.464375	0.680338	0.24448	0.172928	0.797299	0.890902	0.169346	0.909739	0.883929	0.497954	0.528306	0.494968	0.323828	0.505052	0.209332	0.375402	0.80101	0.783479	0.505436	0.17728	0.139982	0.662784	0.330308	0.561992	0.256197	0.457955	1.00887	0.0549285	0.512406	0.498395	0.111424	0.566367	0.490911	0.331174	
0.380667	0.230053	0.378068	0.359879	0.526083	0.0642375	0.679545	0.479762	0.853012	0.407562	0.542916	0.514302	0.340407	0.363125	0.00903028	0.419742	0.301442	0.494342	0.567038	0.572564	0.674966	0.566571	0.485085	0.314625	0.295962	0.331393	0.679882	0.496536	0.282878	0.436662	0.585034	0.307118	0.209675	0.194519	0.169455	0.420376	0.622832	0.116216	0.489482	0.317584	0.488541	0.143461	0.415153	0.631581	0.0836606	0.109569	0.686105	0.239791	0.11534	0.432953	
