15	20
66.9539	112.437
137.832	114.13
36.4901	149.122
85.0979	47.3324
94.3686	131.003
43.1659	135.652
70.1308	27.0098
158.386	145.46
77.5536	112.807
46.3326	101.164
150.851	121.321
37.7996	15.5457
147.609	127.589
66.7895	106.024
102.063	50.5583
34.6025
32.5782
51.0167
2.83286
6.54289
50.6748
34.269
46.7529
50.3607
17.5692
6.6941
63.5179
36.7482
58.0817
46.6516
49.8713
24.2752
36.2538
46.8291
52.4554
0.549282	0.153682	0.542996	0.695707	0.222832	0.690333	0.134929	0.689043	0.501048	0.0847552	0.443486	0.109586	0.54113	0.527744	0.759964	0.337344	0.627887	0.500137	0.188815	0.438833	
0.415632	0.370879	0.349554	0.623628	0.499313	0.65875	0.379383	0.477399	0.422298	0.323953	0.175873	0.429532	0.215036	0.279918	0.581492	0.502276	0.299906	0.30281	0.142129	0.260867	
0.281787	0.3308	0.226313	0.488097	0.462384	0.523978	0.348274	0.365416	0.287252	0.310091	0.0968954	0.457933	0.280734	0.182324	0.460047	0.417949	0.326006	0.178636	0.204736	0.128481	
0.631552	0.602951	0.544247	0.846451	0.722313	0.89239	0.605295	0.638186	0.656718	0.542938	0.363684	0.594157	0.178259	0.448994	0.754729	0.750952	0.276821	0.504425	0.342106	0.481783	
0.521332	0.391542	0.605708	0.471029	0.345195	0.401848	0.405618	0.69621	0.436727	0.465778	0.67492	0.569419	0.888268	0.678116	0.679476	0.21168	0.921788	0.599794	0.635896	0.566701	
0.637032	0.548234	0.558508	0.849173	0.661406	0.887925	0.547484	0.666908	0.65115	0.483534	0.375089	0.518627	0.234549	0.47067	0.780232	0.707199	0.341421	0.515029	0.286113	0.482965	
0.401917	0.458732	0.316986	0.616768	0.589701	0.663714	0.470333	0.424305	0.429197	0.418863	0.134451	0.531754	0.125292	0.227244	0.536849	0.571006	0.198287	0.275515	0.244493	0.252769	
0.383711	0.437189	0.301706	0.598088	0.568471	0.643506	0.449375	0.414372	0.408306	0.399024	0.118284	0.516345	0.148515	0.215875	0.52514	0.547492	0.216283	0.258874	0.230074	0.23281	
0.581775	0.327598	0.65172	0.573999	0.243612	0.514007	0.333309	0.76155	0.496295	0.397839	0.685276	0.468005	0.880877	0.708595	0.763259	0.187751	0.929525	0.636185	0.588443	0.592569	
0.25205	0.286073	0.218931	0.447572	0.415605	0.47654	0.306345	0.364351	0.241915	0.276804	0.142784	0.436854	0.342063	0.203708	0.447241	0.358716	0.383449	0.173791	0.21577	0.113565	
0.513582	0.210542	0.570843	0.547178	0.142018	0.501429	0.217185	0.692646	0.430933	0.281389	0.583323	0.366767	0.770478	0.616754	0.710496	0.09865	0.82426	0.549334	0.471478	0.500371	
0.592512	0.793398	0.489395	0.787328	0.925211	0.857766	0.806706	0.499877	0.656996	0.756845	0.388297	0.864278	0.226991	0.394581	0.611813	0.885122	0.144242	0.475788	0.577675	0.496632	
0.564639	0.212339	0.54585	0.726258	0.290593	0.727864	0.197457	0.691307	0.525334	0.138534	0.42601	0.141297	0.496795	0.51793	0.770725	0.396775	0.589469	0.500645	0.148435	0.440488	
0.222977	0.235183	0.267565	0.340918	0.332178	0.341625	0.262859	0.39586	0.153731	0.27452	0.30456	0.447254	0.52136	0.317628	0.434052	0.207437	0.551457	0.246418	0.337711	0.20185	
0.2505	0.678981	0.310751	0.152275	0.762235	0.230809	0.706737	0.230804	0.291601	0.715713	0.494046	0.889633	0.689953	0.402353	0.120137	0.593856	0.642832	0.355697	0.717894	0.39909	
