15	20
11.6342	92.8125
102.214	158.691
124.887	116.193
143.535	62.6166
101.718	125.989
161.257	150.872
1.79376	13.6462
108.114	115.214
61.6749	133.167
89.0849	133.077
112.103	66.584
86.9227	37.9099
175.156	150.291
70.4374	98.9787
63.1664	69.1755
55.0932
30.0542
34.902
9.77954
16.6943
48.596
7.78243
54.0257
34.9398
8.16148
41.3522
40.5841
24.7091
0.128185
15.9398
42.3319
8.40544
18.3913
6.21882
10.3164
0.54141	0.449544	0.503668	0.948934	0.460912	0.315136	0.580677	0.279062	0.711535	0.456963	0.779396	0.910561	0.197807	0.845752	0.567897	0.605103	0.895632	0.467083	0.310592	0.134875	
0.235276	0.346024	0.0805966	0.535639	0.151131	0.265372	0.107655	0.501868	0.290173	0.0949636	0.564934	0.846744	0.564023	0.679247	0.223076	0.403472	0.89961	0.18393	0.78479	0.58537	
0.484905	0.143968	0.322858	0.397334	0.146965	0.245445	0.36935	0.376538	0.171428	0.292049	0.312803	0.585014	0.476629	0.422641	0.0478703	0.141713	0.639752	0.411115	0.694278	0.529388	
0.943848	0.625095	0.867165	1.11945	0.751383	0.615786	0.948298	0.394028	0.937785	0.81373	0.848977	0.826362	0.31729	0.859294	0.80509	0.738839	0.76083	0.860005	0.113161	0.313535	
0.348604	0.332628	0.290794	0.779712	0.269626	0.147442	0.368846	0.292164	0.530601	0.243768	0.668025	0.864128	0.292194	0.756183	0.392902	0.481281	0.875946	0.265185	0.487769	0.282361	
1.21257	0.679192	1.06032	0.835692	0.871028	0.848017	1.12031	0.682687	0.838217	1.01595	0.531643	0.242974	0.7529	0.433865	0.802801	0.620736	0.135641	1.1258	0.791233	0.824925	
0.65865	0.377034	0.504835	0.1389	0.381962	0.503579	0.515237	0.612412	0.135405	0.496221	0.243857	0.550429	0.720332	0.351112	0.252483	0.25026	0.641345	0.607018	0.928048	0.779781	
0.876853	0.362535	0.737883	0.728573	0.557029	0.497879	0.808284	0.308438	0.619798	0.687789	0.420665	0.370981	0.380264	0.405491	0.531042	0.382271	0.327432	0.78679	0.461185	0.454428	
1.0502	0.590794	0.93294	0.997678	0.770519	0.673665	1.01021	0.435477	0.877168	0.879329	0.687962	0.571797	0.438552	0.659565	0.773105	0.643676	0.485965	0.959655	0.374117	0.486915	
0.823119	0.578723	0.763233	1.09075	0.671681	0.527071	0.843609	0.341929	0.885731	0.711634	0.849552	0.880111	0.238123	0.87982	0.745643	0.712902	0.830413	0.743477	0.0528694	0.202391	
0.400438	0.371945	0.356547	0.839121	0.333177	0.199727	0.433292	0.284272	0.592507	0.310849	0.709883	0.886988	0.258621	0.791846	0.452421	0.525425	0.890465	0.322082	0.436102	0.233601	
0.336459	0.211805	0.177065	0.507908	0.0175846	0.162847	0.237278	0.379769	0.254954	0.140574	0.464959	0.728702	0.454835	0.573712	0.131128	0.288256	0.774423	0.259442	0.678539	0.48811	
0.619545	0.383151	0.546866	0.897737	0.453968	0.308166	0.627721	0.165923	0.67868	0.494444	0.690183	0.78839	0.0614479	0.742979	0.535972	0.530787	0.765423	0.535493	0.218939	0.0205453	
0.965116	0.496728	0.802712	0.395273	0.62889	0.685105	0.837723	0.655668	0.47768	0.775002	0.170282	0.209363	0.764821	0.0784881	0.512861	0.354145	0.319687	0.894056	0.915048	0.84024	
0.614425	0.349506	0.533036	0.864459	0.429865	0.286661	0.61415	0.129496	0.648423	0.47979	0.653944	0.753695	0.0321268	0.706594	0.506517	0.495699	0.732702	0.528367	0.23456	0.0560519	
