10	30
6.44336	114.05
72.2615	148.547
178.97	146.093
154.29	147.917
127.537	57.6737
67.1202	42.512
95.5486	38.31
137.3	32.1187
127.857	54.5297
7.73409	112.552
19.3903
16.0985
16.7933
1.43928
9.93405
4.55142
5.30862
16.8712
5.99547
16.0695
15.5715
11.8041
4.31652
1.0725
15.0136
7.86728
17.8416
10.3899
9.24269
16.6484
12.8434
10.816
0.152454
2.70972
13.8618
1.0252
5.43188
0.51201
14.7605
13.7686
0.65696	1.01206	0.660204	0.951422	0.670395	0.446667	0.776933	0.588952	0.827049	0.563196	0.701543	0.431197	0.257464	0.442322	0.603996	0.905662	0.168145	0.364959	0.66399	0.710711	0.634248	0.170666	0.483476	0.381765	0.556996	0.272324	0.489867	0.524008	0.231071	0.330057	
0.682342	0.526072	0.564588	0.457566	0.732277	0.645824	0.281155	0.0932959	0.363368	0.641969	0.54007	0.558047	0.26772	0.469872	0.401246	0.47393	0.640372	0.475105	0.523865	0.337632	0.346414	0.327146	0.495361	0.165401	0.564281	0.252916	0.219203	0.145201	0.51125	0.518008	
0.156614	0.861503	1.0289	0.844632	0.188229	0.166421	0.719061	0.625486	0.664742	0.0872192	0.264888	0.089461	0.384627	0.847566	0.901989	0.667744	0.492104	0.141137	0.226617	0.890672	0.357921	0.460964	0.887747	0.593392	0.0582898	0.386848	0.353376	0.683841	0.710308	0.790611	
0.927115	0.274542	0.675915	0.183216	0.984985	0.955957	0.123084	0.253598	0.263915	0.915145	0.717178	0.860782	0.61325	0.691413	0.509257	0.385308	0.98706	0.788567	0.719533	0.310365	0.511387	0.67142	0.698747	0.472005	0.824162	0.598089	0.483841	0.344206	0.814777	0.791074	
0.895879	0.328906	0.61982	0.239156	0.952438	0.909462	0.121432	0.192899	0.278669	0.877508	0.697176	0.815766	0.553612	0.625761	0.45033	0.407503	0.924736	0.740404	0.695904	0.259925	0.48804	0.607586	0.634313	0.404921	0.788735	0.538698	0.44123	0.276252	0.746848	0.723474	
0.997543	0.678089	0.272715	0.588266	1.04311	0.91759	0.445469	0.312632	0.593048	0.945127	0.868379	0.842688	0.498176	0.306239	0.101109	0.723032	0.786243	0.753712	0.851635	0.118842	0.671888	0.485827	0.3028	0.274298	0.876881	0.489536	0.545494	0.183351	0.495171	0.436341	
0.873802	1.33379	0.829029	1.27125	0.867496	0.624046	1.09565	0.903824	1.14955	0.773856	0.979494	0.655009	0.579296	0.618538	0.832735	1.22627	0.250756	0.62012	0.939998	0.982761	0.944466	0.490829	0.650568	0.681962	0.800404	0.594374	0.807987	0.820148	0.385024	0.469937	
0.833842	0.254945	0.704312	0.17331	0.892081	0.871298	0.0283256	0.202549	0.181867	0.824477	0.62226	0.775103	0.548705	0.689847	0.53213	0.310544	0.926505	0.70599	0.624849	0.352299	0.416839	0.617332	0.702732	0.436213	0.73258	0.533184	0.398146	0.326407	0.786375	0.774449	
0.782621	0.487942	0.515512	0.408534	0.833922	0.751281	0.235831	0.0575806	0.35803	0.74566	0.625663	0.663539	0.364441	0.462768	0.343575	0.482805	0.727469	0.580586	0.61328	0.240094	0.422354	0.408539	0.480359	0.204931	0.665966	0.350459	0.315564	0.0966267	0.552334	0.539592	
0.707706	0.419404	0.622672	0.351281	0.762085	0.707185	0.175558	0.0503695	0.263615	0.681465	0.531945	0.61413	0.361722	0.556686	0.451272	0.382307	0.739113	0.537837	0.52337	0.335636	0.324181	0.430795	0.577849	0.266893	0.59574	0.346274	0.243373	0.198349	0.616291	0.617837	
