15	50
89.2693	30.2041
78.9727	11.4411
31.5263	81.0947
64.8062	121.61
9.01963	36.1208
70.8966	104.785
85.4835	38.3255
15.0087	140.459
74.4515	88.5244
3.49122	69.3637
83.8508	46.0727
60.8935	135.856
31.3873	13.4164
18.7566	149.256
9.39215	68.446
9.00314
9.17603
7.67828
8.5988
6.18854
6.68257
12.0586
7.30687
3.39339
2.32905
11.363
9.02117
12.4946
5.91201
11.095
6.42515
2.78969
9.33327
1.19347
11.1829
6.50503
12.5198
12.3004
5.06988
10.1358
3.07461
3.03221
12.2076
10.0809
6.57962
5.15396
11.0458
7.97825
12.4348
11.5958
2.96563
11.6103
1.34294
3.41875
10.0138
3.41051
12.3127
6.58198
6.54481
5.92605
1.22296
6.57864
7.64469
3.70447
12.1072
0.567105	0.62061	0.483099	0.568687	0.617342	0.431756	0.572848	0.388726	0.519728	0.239698	0.474626	0.247893	0.734438	0.3633	0.574881	0.10212	0.190446	0.711583	0.553906	0.362611	0.236282	0.626857	0.432227	0.244369	0.369574	0.323399	0.508944	0.210475	0.837834	0.613074	0.583402	0.660955	0.635026	0.139446	0.0421018	0.941838	0.32367	0.594718	0.114602	0.673134	0.633293	0.728236	0.198813	0.316129	0.484098	0.872053	0.464601	0.212817	0.601229	0.428852	
0.38652	0.324301	0.950523	0.679767	0.45389	0.250823	0.690427	0.865984	0.513376	0.566291	0.640059	0.869329	1.1364	0.379737	0.739607	0.525863	0.441611	0.433731	0.569321	0.837103	0.491537	0.921079	0.446625	0.609666	0.255958	0.3925	0.951862	0.461443	0.731103	0.904443	0.991863	0.464798	0.047675	0.504498	0.58303	0.776551	0.668624	0.162652	0.511409	0.995479	0.21261	0.312131	0.820429	0.341918	0.504423	0.713344	0.218699	0.563485	0.0211572	0.659415	
0.496168	0.583673	0.396558	0.187625	0.451528	0.875745	0.176941	0.411924	0.354843	0.895174	0.245648	0.774651	0.373128	0.523177	0.131734	0.646535	0.635047	0.545707	0.301797	0.412701	0.511501	0.144718	0.428177	0.440673	0.764263	0.87398	0.358681	0.569196	0.367006	0.140396	0.314497	0.469664	0.910657	0.611509	0.663714	0.468968	0.358054	0.718406	0.70366	0.20162	0.695891	0.685371	0.71351	0.813355	0.363511	0.434085	0.658527	0.485472	0.853642	0.264026	
0.508771	0.522019	0.719834	0.652909	0.578849	0.168476	0.660777	0.624361	0.536445	0.173786	0.570382	0.498077	0.956527	0.327264	0.685469	0.208578	0.17945	0.637792	0.588979	0.595355	0.302095	0.800762	0.433191	0.399679	0.15353	0.0636508	0.737439	0.244266	0.853034	0.78477	0.802002	0.615485	0.397428	0.221491	0.243072	0.939277	0.486643	0.430304	0.16069	0.86168	0.484414	0.597861	0.461806	0.0563078	0.505584	0.867355	0.321327	0.345092	0.37814	0.549991	
0.277392	0.204491	0.896942	0.583582	0.338886	0.331872	0.594364	0.818946	0.416175	0.621268	0.556332	0.877258	1.063	0.325719	0.646881	0.52876	0.440394	0.309273	0.468836	0.7913	0.458147	0.837529	0.36677	0.568196	0.294144	0.458703	0.89317	0.442052	0.60912	0.821238	0.924711	0.345085	0.172205	0.498737	0.588625	0.651729	0.613795	0.0530409	0.528112	0.913229	0.0884373	0.189441	0.822249	0.395268	0.413537	0.589179	0.171551	0.529384	0.125339	0.584761	
0.613352	0.65237	0.599434	0.662576	0.672363	0.371604	0.667833	0.505531	0.591557	0.123193	0.569757	0.298522	0.85155	0.408339	0.675827	0.152545	0.215991	0.755195	0.632713	0.479723	0.307902	0.740954	0.495284	0.347852	0.338227	0.240918	0.625986	0.264137	0.914996	0.726782	0.700724	0.714371	0.597225	0.195766	0.124985	1.01427	0.432122	0.596961	0.111059	0.789141	0.643613	0.748635	0.27079	0.258026	0.556395	0.943075	0.472178	0.306742	0.5726	0.529731	
0.304188	0.224223	0.935788	0.613792	0.360926	0.358807	0.624575	0.858563	0.446925	0.65579	0.590474	0.917708	1.09849	0.365769	0.678067	0.569179	0.480883	0.3188	0.497941	0.831058	0.499032	0.870956	0.402849	0.608551	0.329584	0.490315	0.931363	0.483104	0.622151	0.854787	0.961547	0.362629	0.173163	0.539521	0.62897	0.658126	0.652891	0.0899537	0.567528	0.946864	0.105988	0.185086	0.862967	0.429092	0.446431	0.598015	0.212609	0.57017	0.136733	0.620867	
0.646282	0.698849	0.505359	0.638823	0.696477	0.478489	0.64236	0.415059	0.597307	0.231725	0.544684	0.187539	0.760608	0.442184	0.640468	0.177951	0.264575	0.790738	0.629873	0.392088	0.315094	0.67532	0.5111	0.312125	0.429529	0.354954	0.535847	0.28934	0.913535	0.66253	0.614101	0.740126	0.694127	0.217713	0.119711	1.01853	0.384885	0.667493	0.174187	0.715542	0.708083	0.805125	0.154187	0.362676	0.561704	0.949116	0.538092	0.286874	0.664026	0.495644	
0.519898	0.489924	0.923845	0.757876	0.594638	0.0760367	0.767591	0.83074	0.606989	0.378328	0.693601	0.737049	1.1436	0.414702	0.806157	0.429648	0.367815	0.610573	0.665201	0.801095	0.466592	0.958031	0.514182	0.583476	0.1784	0.20399	0.935217	0.416624	0.883466	0.941322	0.990748	0.618798	0.202725	0.427191	0.47473	0.94779	0.661901	0.343326	0.392584	1.02667	0.403408	0.517173	0.70046	0.189981	0.585787	0.879306	0.30449	0.529159	0.215014	0.692622	
0.537436	0.503644	0.951166	0.781033	0.611912	0.103384	0.790835	0.858108	0.628515	0.398961	0.718035	0.762138	1.17043	0.438786	0.830141	0.456844	0.395214	0.623564	0.686809	0.828461	0.493436	0.983732	0.537022	0.610571	0.20473	0.226633	0.962417	0.443771	0.900491	0.967006	1.01769	0.634746	0.19723	0.454593	0.501531	0.962558	0.688672	0.353235	0.419266	1.05266	0.412802	0.52493	0.726317	0.216552	0.608097	0.89465	0.323233	0.556324	0.216737	0.71805	
0.529215	0.615795	0.176528	0.34504	0.539012	0.674594	0.343097	0.092624	0.404409	0.576254	0.268801	0.392485	0.404672	0.401379	0.314917	0.347419	0.383691	0.654038	0.401073	0.0667412	0.288298	0.295775	0.380958	0.168049	0.574882	0.615364	0.186486	0.332918	0.648048	0.28398	0.250385	0.579632	0.805918	0.331316	0.336909	0.760668	0.11591	0.676388	0.40376	0.335036	0.686832	0.738671	0.331721	0.576761	0.378363	0.70155	0.562436	0.22049	0.755959	0.207224	
0.396567	0.469232	0.568624	0.182162	0.332611	0.845599	0.178825	0.563373	0.291225	0.933851	0.276321	0.891267	0.56488	0.498004	0.195081	0.691517	0.655434	0.400189	0.23405	0.556567	0.53912	0.334629	0.390936	0.508915	0.737267	0.875779	0.53469	0.591877	0.174678	0.32751	0.501291	0.334912	0.829547	0.650334	0.723586	0.277608	0.445435	0.623165	0.7433	0.394039	0.587482	0.549904	0.826223	0.80718	0.317072	0.242088	0.596629	0.53884	0.773082	0.327991	
0.496276	0.424435	1.0711	0.796692	0.559216	0.319109	0.807415	0.985735	0.629512	0.640665	0.760124	0.970269	1.25789	0.501231	0.857757	0.633147	0.552054	0.522547	0.6843	0.956704	0.610243	1.0415	0.56683	0.72918	0.356437	0.463835	1.07298	0.577273	0.825874	1.0249	1.1134	0.56456	0.0921031	0.615493	0.688234	0.860459	0.789685	0.268757	0.612582	1.11614	0.30662	0.383902	0.924776	0.426877	0.622547	0.801394	0.340206	0.681859	0.13993	0.780637	
0.589417	0.676594	0.121863	0.389713	0.597008	0.727209	0.386539	0.0311569	0.461803	0.60846	0.320392	0.381936	0.365729	0.462449	0.351906	0.390898	0.435069	0.712269	0.454947	0.0113695	0.346026	0.29566	0.441983	0.226061	0.629887	0.660759	0.140814	0.387843	0.691668	0.286648	0.21493	0.636969	0.864966	0.37953	0.372813	0.804312	0.177153	0.737779	0.445149	0.321406	0.748357	0.79945	0.32667	0.626207	0.436976	0.747587	0.62313	0.276379	0.815572	0.260008	
0.452079	0.529783	0.312196	0.3577	0.479345	0.536904	0.359974	0.220307	0.355207	0.453504	0.264928	0.362399	0.541228	0.289132	0.353495	0.213785	0.245524	0.589605	0.371938	0.190688	0.158566	0.403024	0.299472	0.0482331	0.438918	0.478619	0.324662	0.196941	0.647728	0.388525	0.3867	0.522896	0.677747	0.193869	0.214313	0.75742	0.0971682	0.565402	0.271617	0.455198	0.584029	0.650986	0.295903	0.438596	0.32236	0.691595	0.443785	0.0868264	0.630037	0.210708	
