10	20
78.4189	24.0498
24.6491	71.7388
69.7873	38.892
36.2564	106.298
100.165	72.6957
96.9171	43.5681
96.6421	147.392
86.7168	151.365
142.759	35.2457
77.8876	34.6288
30.8515
24.2671
13.2703
18.3979
1.06104
33.7703
1.78926
32.3772
19.728
27.8398
27.9111
11.5685
15.1397
36.9907
20.5401
5.9887
22.2309
12.1252
1.10509
5.98457
0.452895	0.587528	0.30162	0.181444	0.730937	0.332197	0.289305	0.65212	0.174453	0.221202	0.778412	0.49246	0.135471	0.773663	0.235533	0.155298	0.464739	0.689657	0.61704	0.446824	
0.601357	0.213584	0.69	0.560049	0.425523	0.884808	0.540676	0.466727	0.523281	0.611732	0.41057	0.353803	0.609082	0.415724	0.925184	0.629076	0.250048	0.268199	0.377193	0.273496	
0.22333	0.556238	0.604697	0.43886	0.587732	0.630938	0.194609	0.871987	0.383094	0.144623	0.646765	0.412586	0.416072	0.959214	0.404255	0.180784	0.588196	0.839405	0.495392	0.581048	
0.217429	0.24606	0.544978	0.35021	0.363681	0.671145	0.125703	0.639087	0.277851	0.20765	0.40958	0.12418	0.369593	0.691131	0.584339	0.247095	0.311558	0.554658	0.248733	0.313326	
0.447596	0.788708	0.678503	0.563035	0.817586	0.628641	0.419788	1.02998	0.530735	0.346848	0.87759	0.647045	0.522191	1.13777	0.327717	0.343706	0.785692	1.0328	0.729374	0.774331	
0.406163	0.542294	0.327819	0.178999	0.681488	0.37812	0.240112	0.646231	0.15201	0.175328	0.729304	0.443803	0.143708	0.760445	0.275496	0.110123	0.435537	0.668443	0.567784	0.419124	
0.255326	0.541765	0.535535	0.37217	0.602771	0.564876	0.170767	0.813759	0.319421	0.0966603	0.659635	0.405323	0.347602	0.907115	0.354931	0.115577	0.542521	0.792676	0.502426	0.53335	
0.810018	0.635475	0.281013	0.350475	0.87854	0.476084	0.643272	0.17642	0.399721	0.643624	0.89394	0.665442	0.389065	0.334495	0.692003	0.603064	0.354254	0.353288	0.777469	0.336075	
0.6495	0.473009	0.284481	0.246262	0.712918	0.491898	0.489396	0.229173	0.271023	0.502104	0.730993	0.497099	0.296859	0.348107	0.632702	0.47142	0.194365	0.291224	0.610069	0.173627	
0.953175	0.99209	0.316177	0.488243	1.18898	0.169953	0.782238	0.700878	0.556283	0.722385	1.22652	0.943736	0.461858	0.859456	0.457256	0.656727	0.756913	0.86465	1.07348	0.733266	
