15	50
85.4371	25.8775
61.9557	32.861
85.179	124.844
33.2746	123.749
69.1648	19.805
55.976	82.6933
6.41441	10.1617
23.3113	101.296
10.9825	76.1907
6.15977	57.4152
28.1944	126.933
28.298	47.5051
78.3564	59.8699
82.1561	146.726
4.10123	63.8834
2.75129
7.22653
12.034
9.31417
5.75559
5.47548
8.37434
9.62779
4.51882
7.55151
5.45902
6.10035
2.43305
8.15635
11.1324
12.8421
1.99928
0.39277
2.17808
5.90065
13.3854
0.99374
7.53213
11.504
11.1305
2.12663
9.95257
10.9312
3.61158
8.92743
0.238636
12.9113
12.7147
0.801831
2.16117
4.68919
11.4754
13.351
10.8583
10.0782
1.89451
4.68685
10.072
1.96232
7.28226
12.1223
12.4797
4.93341
11.7732
10.7981
0.509872	0.419187	0.277807	0.392277	0.582082	0.32174	0.2736	0.356487	0.592852	0.764349	0.263095	0.675842	0.507289	0.674431	0.190559	0.528366	0.386656	0.279025	0.312716	0.469163	0.552636	0.46902	0.636599	0.709482	0.436051	0.315362	0.243281	0.182402	0.585197	0.698709	0.460575	0.414598	0.716233	0.632641	0.635913	0.576238	0.500608	0.308684	0.706019	0.661649	0.353501	0.362967	0.371846	0.218732	0.433151	0.336559	0.665296	0.278741	0.317688	0.235501	
0.675317	0.317767	0.398983	0.53996	0.404008	0.268536	0.518475	0.598755	0.637059	0.618653	0.0786669	0.484727	0.722938	0.59331	0.268734	0.684193	0.14257	0.07841	0.472248	0.232437	0.79799	0.344452	0.747844	0.654535	0.507427	0.54336	0.485545	0.420547	0.616714	0.815489	0.704781	0.660543	0.827765	0.710978	0.653215	0.750455	0.478468	0.492822	0.798577	0.529299	0.196152	0.479925	0.615545	0.0600197	0.205218	0.218939	0.707639	0.232494	0.531409	0.449109	
0.82779	0.136062	0.560978	0.697524	0.546295	0.453265	0.596199	0.6398	0.819824	0.770077	0.261329	0.610701	0.84401	0.769225	0.433407	0.840934	0.182445	0.256213	0.623415	0.322382	0.845621	0.159947	0.920021	0.834635	0.684885	0.652018	0.572971	0.517408	0.80041	0.98681	0.780559	0.72004	1.00056	0.8898	0.837762	0.899503	0.663079	0.633129	0.975465	0.690385	0.0166214	0.646091	0.695279	0.148861	0.151565	0.400446	0.890971	0.416504	0.653422	0.459162	
0.570945	0.683601	0.529328	0.540932	0.978634	0.692806	0.20124	0.0631276	0.825494	1.14069	0.668301	1.07468	0.422918	1.01404	0.536032	0.60357	0.775674	0.684008	0.485725	0.872309	0.18764	0.740474	0.76412	1.02516	0.677169	0.30589	0.241258	0.293587	0.834062	0.802755	0.212484	0.128234	0.825931	0.81222	0.891315	0.593015	0.816846	0.436418	0.849213	1.03503	0.684443	0.574531	0.197289	0.60174	0.802298	0.728848	0.886476	0.656535	0.360108	0.210664	
0.436494	0.604273	0.344673	0.376073	0.797752	0.507312	0.0500998	0.127058	0.651566	0.95408	0.502067	0.8947	0.342848	0.826819	0.349958	0.466028	0.629707	0.518902	0.310984	0.710789	0.309579	0.659948	0.616262	0.839852	0.498352	0.163733	0.0661405	0.106111	0.657071	0.663883	0.224488	0.170805	0.685854	0.650617	0.713942	0.477782	0.630468	0.267684	0.699012	0.848301	0.572411	0.397453	0.141608	0.458737	0.670662	0.5479	0.716155	0.472569	0.207517	0.16713	
0.35871	0.839706	0.254966	0.271745	0.438149	0.261985	0.579579	0.717507	0.112976	0.459074	0.455818	0.517707	0.53514	0.270508	0.316585	0.339599	0.612277	0.466034	0.299436	0.562201	0.831443	0.871191	0.287343	0.2521	0.110202	0.492279	0.539487	0.495361	0.0892421	0.350291	0.684591	0.705375	0.352543	0.209686	0.131775	0.42479	0.0949885	0.353346	0.302051	0.367369	0.723417	0.211024	0.620057	0.56626	0.699731	0.333259	0.180567	0.294988	0.438919	0.703823	
0.53495	0.697641	0.503397	0.508667	0.964449	0.674977	0.173553	0.0416401	0.794498	1.12142	0.660573	1.06109	0.385422	0.990217	0.517597	0.567725	0.774779	0.676733	0.455953	0.866709	0.170919	0.754568	0.728883	0.998917	0.647998	0.272553	0.215109	0.271978	0.803964	0.766669	0.176535	0.0914241	0.78991	0.778678	0.861262	0.555946	0.791856	0.40551	0.814101	1.01558	0.691721	0.545063	0.160471	0.600988	0.805367	0.714494	0.854492	0.640062	0.327235	0.221597	
0.80185	0.252021	0.524943	0.666198	0.425589	0.373664	0.629005	0.695363	0.74744	0.650256	0.181653	0.487723	0.84694	0.662447	0.394817	0.810337	0.0596848	0.169823	0.598924	0.199355	0.898982	0.259769	0.869261	0.732701	0.626159	0.663863	0.599138	0.53651	0.724514	0.937194	0.816093	0.765442	0.948615	0.827294	0.756311	0.877103	0.576251	0.619029	0.916517	0.574319	0.123834	0.60469	0.727653	0.137298	0.0792549	0.308031	0.816119	0.344219	0.654962	0.528763	
0.402898	0.836089	0.466631	0.420453	0.978838	0.678395	0.197163	0.192821	0.70543	1.10472	0.715932	1.07672	0.221997	0.948116	0.526553	0.436528	0.85649	0.733552	0.394115	0.925542	0.14769	0.892285	0.600795	0.94071	0.578594	0.206398	0.229285	0.295932	0.721903	0.627264	0.0106274	0.0950146	0.650999	0.667348	0.778143	0.404485	0.747107	0.339232	0.685785	0.999711	0.807343	0.478788	0.0990064	0.688852	0.902512	0.735139	0.755669	0.652582	0.253522	0.371554	
0.25929	0.723187	0.240154	0.215701	0.756965	0.456248	0.135129	0.264719	0.502854	0.878243	0.519354	0.854632	0.196828	0.724168	0.310395	0.289203	0.675657	0.537326	0.171498	0.725225	0.362682	0.775537	0.442986	0.721588	0.362215	0.0217153	0.113424	0.136277	0.514255	0.487912	0.220468	0.235296	0.510218	0.486283	0.571492	0.302717	0.52299	0.11724	0.52706	0.773249	0.664279	0.259624	0.14948	0.521769	0.734658	0.518177	0.56155	0.434023	0.0340964	0.339543	
0.501478	0.431555	0.239832	0.372157	0.495279	0.236111	0.3364	0.434783	0.53506	0.676469	0.187807	0.589796	0.532593	0.591035	0.124527	0.514941	0.333493	0.205086	0.297135	0.397464	0.624101	0.47509	0.60357	0.630132	0.383694	0.352041	0.300143	0.233265	0.523536	0.668715	0.519778	0.483476	0.684211	0.586787	0.571144	0.573547	0.424396	0.308753	0.666345	0.574012	0.342157	0.326731	0.430382	0.185136	0.393591	0.248693	0.608017	0.192329	0.340643	0.323483	
0.0403874	0.892486	0.255448	0.118893	0.754408	0.476147	0.353253	0.474493	0.350154	0.820379	0.608298	0.846589	0.1748	0.635883	0.381745	0.0714687	0.779112	0.625268	0.17547	0.791587	0.517075	0.940264	0.233708	0.608302	0.262489	0.23439	0.331393	0.336104	0.372951	0.271109	0.369383	0.420924	0.294035	0.298578	0.425578	0.10337	0.446992	0.165831	0.319206	0.722816	0.812168	0.197687	0.337291	0.654096	0.852511	0.554634	0.391382	0.474179	0.18941	0.55579	
0.265973	0.919573	0.417524	0.326601	0.944042	0.646874	0.275691	0.33588	0.591135	1.03987	0.728107	1.04038	0.0684275	0.865591	0.512309	0.298126	0.885947	0.746076	0.331316	0.931937	0.298056	0.973663	0.458292	0.844973	0.488055	0.202163	0.285538	0.335719	0.612908	0.476117	0.168835	0.248361	0.499791	0.536036	0.666376	0.250124	0.669247	0.282988	0.541168	0.938068	0.869705	0.399881	0.19578	0.731149	0.944599	0.715596	0.631809	0.630832	0.216627	0.487448	
0.404071	0.557093	0.251934	0.314316	0.689844	0.399387	0.122965	0.234818	0.570626	0.846823	0.401206	0.78693	0.3625	0.724271	0.242251	0.42899	0.53943	0.418524	0.238974	0.610902	0.412373	0.610174	0.563745	0.741723	0.413114	0.166834	0.0883322	0.0310029	0.572201	0.618403	0.307637	0.270987	0.638777	0.583597	0.628036	0.459711	0.530738	0.209465	0.642395	0.741156	0.505111	0.317398	0.218304	0.374018	0.588548	0.440115	0.638675	0.364405	0.183631	0.205314	
0.901365	0.754998	0.671048	0.779511	0.14474	0.445348	0.948865	1.06251	0.655287	0.214349	0.462344	0.0488597	1.04088	0.372648	0.597271	0.890008	0.450127	0.450434	0.757429	0.310182	1.23978	0.748068	0.851414	0.459007	0.64179	0.919492	0.907627	0.84121	0.62068	0.911197	1.11533	1.09821	0.909914	0.763789	0.611519	0.97529	0.470643	0.805975	0.850958	0.225809	0.631907	0.700023	1.03011	0.57526	0.507201	0.390866	0.691911	0.470924	0.881815	0.947259	
