15	40
32.6283	41.2846
32.8353	16.187
83.6138	120.615
40.3793	94.3552
25.2675	17.686
38.8175	146.06
88.8588	22.009
17.2997	15.9437
39.0357	117.997
70.8077	113.45
56.2602	155.437
2.65746	46.1323
76.4065	153.05
84.4385	84.356
46.2949	117.668
3.97455
1.13135
8.45894
8.76178
2.49343
12.6719
12.4963
0.0622308
21.1965
3.78126
1.54902
16.3745
16.1026
6.41423
5.78185
10.358
3.85129
12.7747
4.48944
9.64947
5.70937
20.3449
19.3531
20.6242
2.62318
17.1167
20.3191
21.8862
12.2571
2.20045
12.3182
8.87025
1.09896
16.1512
7.98761
17.165
7.63763
19.2683
5.64985
19.7889
0.438907	0.449893	0.322217	0.652748	0.420881	0.757961	0.590062	0.685895	0.58055	0.381499	0.443914	0.308135	0.754827	0.489888	0.301753	0.373347	0.129225	0.500255	0.752912	0.313288	0.49781	0.213	0.34944	0.464943	0.334188	0.46961	0.751028	0.545896	0.577749	0.436758	0.493482	0.668879	0.401943	0.377123	0.281164	0.140319	0.623788	0.452564	0.372174	0.395251	
0.653052	0.629424	0.396743	0.370166	0.425285	0.48293	0.356619	0.405313	0.636083	0.595226	0.595875	0.393456	0.481578	0.49636	0.48941	0.565276	0.162177	0.25366	0.65152	0.0618806	0.408601	0.497082	0.633663	0.397119	0.454612	0.297131	0.665359	0.677245	0.306321	0.489867	0.490646	0.389828	0.671936	0.457734	0.565359	0.252421	0.464585	0.27431	0.379723	0.526307	
0.180854	0.256485	0.380456	0.959348	0.49402	1.09261	0.935509	1.01462	0.816406	0.482987	0.303313	0.365371	1.0908	0.773282	0.212581	0.205219	0.471842	0.843603	0.840573	0.619992	0.633333	0.201282	0.1676	0.785521	0.573336	0.686138	0.821544	0.714768	0.867163	0.444569	0.781602	0.99964	0.0663802	0.386121	0.161359	0.469429	0.794701	0.67809	0.469482	0.603887	
0.39584	0.378656	0.19142	0.594674	0.281013	0.737253	0.607964	0.655413	0.708699	0.520945	0.354359	0.179856	0.736817	0.603825	0.233742	0.310288	0.172097	0.507685	0.612613	0.257339	0.359215	0.306686	0.426969	0.554385	0.468754	0.350525	0.609981	0.685293	0.503674	0.305611	0.60492	0.641905	0.429768	0.251441	0.361655	0.252187	0.493825	0.336828	0.231632	0.532898	
0.678674	0.670381	0.465333	0.445216	0.51546	0.509113	0.331563	0.445909	0.518187	0.502266	0.646943	0.458398	0.504452	0.379461	0.522925	0.599422	0.133461	0.243047	0.766033	0.179755	0.518192	0.458106	0.595956	0.288064	0.344704	0.414437	0.778138	0.563766	0.40225	0.569588	0.374361	0.426555	0.660564	0.527897	0.529247	0.171518	0.582251	0.39171	0.46674	0.415647	
0.907239	0.917615	0.7424	0.598394	0.801834	0.545183	0.309008	0.527566	0.295904	0.486671	0.905388	0.733385	0.53399	0.145322	0.768436	0.841823	0.384907	0.308472	1.04631	0.454986	0.803795	0.60358	0.725274	0.00890538	0.285483	0.688333	1.06103	0.416111	0.604692	0.851241	0.131359	0.504818	0.834474	0.804594	0.669953	0.329756	0.851961	0.665392	0.752448	0.324214	
0.906633	0.864865	0.606998	0.0802277	0.58066	0.240008	0.28269	0.148072	0.817467	0.867064	0.818072	0.610619	0.245769	0.665147	0.741653	0.812686	0.454913	0.222815	0.647999	0.271395	0.48549	0.790413	0.926488	0.532621	0.698626	0.330826	0.677496	0.903306	0.103904	0.66456	0.653672	0.145653	0.955322	0.657446	0.858164	0.532689	0.433906	0.316415	0.551947	0.766375	
0.879195	0.85448	0.614	0.25064	0.622145	0.270505	0.145475	0.210941	0.640848	0.722348	0.818498	0.612719	0.266248	0.488385	0.715549	0.791303	0.360186	0.0499092	0.770663	0.245268	0.565133	0.695256	0.833322	0.35462	0.540559	0.418778	0.794284	0.734666	0.26439	0.69646	0.47647	0.190218	0.88857	0.672721	0.766063	0.408756	0.559777	0.39818	0.582374	0.604883	
0.733776	0.756388	0.62102	0.677072	0.702962	0.684716	0.458833	0.644275	0.282865	0.299261	0.754266	0.608894	0.676041	0.17946	0.610482	0.679016	0.274784	0.415255	0.996528	0.428433	0.740874	0.407996	0.524774	0.194666	0.103961	0.657573	1.00362	0.311434	0.649456	0.735269	0.184271	0.622232	0.640701	0.680069	0.471834	0.177562	0.825915	0.63547	0.652332	0.16869	
0.891148	0.893875	0.702154	0.519469	0.75248	0.473573	0.238422	0.451156	0.373776	0.530929	0.876348	0.694533	0.463027	0.221957	0.744618	0.81978	0.352271	0.229752	0.981014	0.391807	0.743557	0.610359	0.738864	0.0853802	0.330164	0.621585	0.997463	0.485604	0.527052	0.807433	0.208862	0.428392	0.836474	0.764716	0.679435	0.319393	0.782781	0.598739	0.704184	0.379419	
0.853459	0.848168	0.641205	0.437979	0.682373	0.416897	0.193056	0.382107	0.453599	0.56555	0.825327	0.635051	0.408005	0.301168	0.700144	0.776435	0.306967	0.15353	0.897384	0.311823	0.66402	0.601199	0.735205	0.169595	0.371505	0.53755	0.914961	0.551346	0.440275	0.742238	0.289557	0.359562	0.818806	0.703625	0.67206	0.30197	0.697034	0.514825	0.635399	0.430108	
0.313505	0.360289	0.363421	0.840126	0.481343	0.952348	0.780749	0.879535	0.65886	0.353308	0.382955	0.346581	0.949252	0.606996	0.244223	0.286847	0.32363	0.693516	0.835241	0.497728	0.598224	0.059808	0.163712	0.617393	0.411093	0.612996	0.824075	0.573087	0.75804	0.460393	0.614824	0.862829	0.214143	0.39536	0.0978716	0.304688	0.747304	0.600177	0.442894	0.448544	
0.779824	0.71031	0.46475	0.340207	0.376529	0.56582	0.621377	0.47917	1.06185	0.995919	0.648974	0.477108	0.575474	0.917666	0.635348	0.686028	0.551926	0.538683	0.302915	0.367135	0.230587	0.81464	0.930352	0.803702	0.878648	0.157751	0.335962	1.10339	0.245011	0.460226	0.910185	0.484839	0.901122	0.486888	0.867315	0.660905	0.0958796	0.174077	0.378644	0.950446	
0.550145	0.474051	0.252632	0.532182	0.14259	0.747282	0.733877	0.655489	1.04094	0.891334	0.410478	0.268231	0.753893	0.913512	0.422235	0.460376	0.48545	0.634307	0.242956	0.374423	0.0235685	0.657714	0.753263	0.825765	0.819997	0.177895	0.24521	1.04367	0.421083	0.21907	0.910115	0.65415	0.69615	0.256541	0.697293	0.592981	0.172361	0.194515	0.164454	0.888679	
1.004	0.96962	0.716805	0.153543	0.701651	0.124139	0.187496	0.0521156	0.774829	0.880815	0.926955	0.718573	0.125252	0.623663	0.838656	0.912338	0.509745	0.177928	0.778559	0.358268	0.614299	0.847738	0.985727	0.486297	0.696162	0.459639	0.808579	0.88217	0.23287	0.783391	0.610194	0.0312562	1.03193	0.770745	0.917922	0.566453	0.564736	0.443902	0.669346	0.758532	
