15	40
73.0008	42.4226
89.0393	101.789
56.2997	129.185
77.0529	12.8527
86.8651	37.9032
89.5567	79.9106
11.7389	96.7855
22.8603	157.049
6.13658	13.5116
57.2872	159.074
10.8828	100.648
3.07648	68.7741
53.8173	86.5466
47.8306	31.172
53.0899	106.449
0.580459
19.3168
8.57138
3.85374
4.39949
12.4099
14.0192
6.14469
8.05467
4.63655
8.96533
3.62018
6.94831
13.4448
12.8257
10.1478
0.284902
3.43665
17.5079
17.008
16.4802
3.44175
14.7319
21.0697
3.25534
0.830348
18.99
9.23011
20.0075
7.3412
20.3337
11.8207
11.9016
2.02183
5.48891
17.288
2.5705
16.8842
18.4741
9.68642
0.249475	0.775521	0.543742	0.124825	0.501691	0.281878	0.380451	0.717033	0.351259	0.250364	0.211883	0.0457941	0.39643	0.300478	0.347935	0.290986	0.390188	0.375698	0.397063	0.852039	0.677191	0.865486	0.723774	0.712207	0.432709	0.465943	0.514983	0.909216	0.693104	0.316768	0.0697927	0.610444	0.602286	0.405602	0.632544	0.333508	0.581928	0.49278	0.589832	0.738754	
0.243584	0.850753	0.585842	0.0693913	0.550283	0.284453	0.435663	0.755013	0.417071	0.295416	0.268557	0.117324	0.478833	0.375131	0.331947	0.340056	0.468742	0.445247	0.433679	0.934286	0.753579	0.923354	0.786453	0.780376	0.46247	0.505933	0.592232	0.969595	0.774569	0.37974	0.0267944	0.688855	0.622342	0.470236	0.658736	0.319134	0.62106	0.510104	0.600216	0.82127	
0.849074	0.38965	0.745922	0.874527	0.688017	0.865368	0.592873	0.844799	0.534715	0.715308	0.681191	0.743307	0.38012	0.512451	0.954011	0.653799	0.408977	0.535911	0.752726	0.150448	0.35237	0.710162	0.589164	0.507602	0.797336	0.74344	0.379884	0.699932	0.188447	0.608143	0.837303	0.317012	0.92086	0.565792	0.895001	0.940881	0.779847	0.885832	0.972762	0.0374001	
0.380048	0.610593	0.61815	0.416155	0.556011	0.531358	0.18581	0.783428	0.107263	0.40762	0.352847	0.321291	0.182392	0.0421172	0.61868	0.198968	0.0628882	0.350981	0.526722	0.582738	0.511358	0.818019	0.662001	0.614059	0.576882	0.565377	0.368497	0.84315	0.453465	0.363476	0.400929	0.430205	0.749862	0.40218	0.755202	0.603515	0.662077	0.664566	0.769066	0.446288	
0.430789	0.677477	0.753209	0.51563	0.689948	0.673036	0.146663	0.913754	0.110201	0.551569	0.496674	0.450773	0.286364	0.157424	0.759229	0.225485	0.126713	0.483	0.668983	0.583439	0.584879	0.920721	0.765973	0.708411	0.719373	0.704568	0.465113	0.939209	0.489049	0.503877	0.519701	0.50437	0.890922	0.534118	0.893831	0.744013	0.796942	0.807749	0.912079	0.433886	
0.94495	0.0137072	0.463436	0.889752	0.426878	0.721319	0.785383	0.500139	0.708161	0.589677	0.58694	0.723726	0.4261	0.640544	0.793645	0.799956	0.568115	0.399913	0.544515	0.306679	0.0942512	0.315456	0.217025	0.138486	0.571696	0.499739	0.254205	0.304448	0.219373	0.476196	0.816943	0.174943	0.6324	0.39077	0.589772	0.784843	0.481748	0.640439	0.699346	0.368294	
1.11357	0.319271	0.402388	1.01201	0.411446	0.743637	1.02014	0.319511	0.941615	0.657897	0.681689	0.845109	0.654214	0.861452	0.788076	1.01057	0.813573	0.525522	0.54646	0.610577	0.371841	0.0315442	0.174057	0.22633	0.546074	0.476068	0.469331	0.0291826	0.527943	0.574146	0.923475	0.441726	0.511679	0.4872	0.454244	0.784798	0.390026	0.573845	0.585602	0.680041	
0.174326	0.779371	0.635505	0.187739	0.584417	0.41918	0.237959	0.810893	0.220225	0.354142	0.30288	0.166621	0.358857	0.193858	0.490719	0.14619	0.296327	0.417614	0.501818	0.803775	0.678067	0.920689	0.770127	0.743385	0.544128	0.563393	0.517324	0.957834	0.65908	0.381944	0.201705	0.602534	0.719741	0.45946	0.743014	0.476018	0.677002	0.614854	0.716056	0.674682	
1.0335	0.0834038	0.509823	0.974969	0.481942	0.791486	0.873368	0.517469	0.796409	0.665545	0.666704	0.808026	0.515193	0.729504	0.859673	0.889011	0.655848	0.480658	0.607543	0.33805	0.183388	0.287444	0.235402	0.175833	0.629798	0.556059	0.342243	0.26048	0.290034	0.554569	0.900199	0.263776	0.670139	0.466625	0.622563	0.851792	0.521615	0.691301	0.740305	0.427661	
0.68946	0.453774	0.702584	0.726097	0.639878	0.759461	0.430682	0.828941	0.372607	0.612189	0.570217	0.606803	0.262436	0.355335	0.849762	0.492119	0.251558	0.456658	0.677057	0.298484	0.382871	0.749833	0.608748	0.533991	0.725525	0.683014	0.337742	0.752452	0.23979	0.51731	0.697391	0.317705	0.870088	0.496989	0.853937	0.835688	0.741631	0.817114	0.912539	0.147549	
0.565462	0.406653	0.504085	0.555108	0.439864	0.54116	0.384436	0.648989	0.306792	0.392907	0.352978	0.412985	0.0471448	0.241335	0.631222	0.401488	0.168895	0.242939	0.46087	0.410517	0.308132	0.633882	0.479414	0.421978	0.510296	0.473824	0.17839	0.652809	0.260357	0.298223	0.508515	0.226711	0.663349	0.288024	0.653514	0.617356	0.545819	0.60227	0.700482	0.299774	
0.846357	0.187135	0.291214	0.764942	0.253518	0.558486	0.736908	0.352395	0.658346	0.436897	0.44415	0.596128	0.370856	0.578919	0.626309	0.730319	0.530636	0.264769	0.374618	0.446297	0.148124	0.268703	0.114337	0.0717531	0.399273	0.326694	0.186999	0.292362	0.30668	0.331005	0.683863	0.183807	0.463104	0.240597	0.424133	0.618364	0.31259	0.467001	0.528139	0.460051	
1.01636	0.112993	0.589994	0.979276	0.552243	0.837402	0.826301	0.621804	0.752311	0.700456	0.691928	0.817308	0.488258	0.694873	0.912737	0.85476	0.609865	0.505683	0.666399	0.219684	0.185591	0.407921	0.336846	0.262739	0.695647	0.624514	0.342593	0.381581	0.212721	0.58467	0.912714	0.246286	0.758922	0.503788	0.715718	0.903301	0.608314	0.766233	0.825997	0.32638	
0.920314	0.0989992	0.380987	0.849902	0.348362	0.655364	0.786295	0.414929	0.707882	0.531157	0.535012	0.681684	0.419493	0.633757	0.723577	0.790179	0.572617	0.351087	0.471749	0.386005	0.114106	0.253968	0.13417	0.0531061	0.495353	0.422148	0.234763	0.25705	0.274548	0.422154	0.77187	0.186024	0.547884	0.332928	0.504425	0.71562	0.397438	0.5602	0.615656	0.429439	
0.72893	0.436737	0.713607	0.763291	0.65181	0.786381	0.469957	0.833633	0.412305	0.638004	0.597902	0.641042	0.289886	0.394223	0.876448	0.531821	0.290405	0.475425	0.696122	0.262136	0.372714	0.740646	0.603668	0.526687	0.743793	0.698249	0.345117	0.740181	0.220695	0.53953	0.732576	0.313488	0.883551	0.513325	0.864946	0.862582	0.751539	0.834893	0.928454	0.110505	
