10	30
50.2398	36.277
152.385	157.133
116.432	59.7848
25.6078	75.202
168.1	11.1594
24.3842	86.7968
147.358	158.278
13.6876	108.408
147.695	156.629
65.7007	23.7909
16.8354
4.78899
6.87106
3.64237
21.333
19.5619
6.96051
21.7672
11.886
25.3956
27.2566
25.2274
1.53508
16.0476
13.2989
27.2999
6.55661
4.0309
21.5307
7.2646
29.7928
22.7307
11.4409
30.2243
7.35492
1.89357
6.74001
6.48643
21.1364
9.83889
0.110233	0.493335	0.34369	0.729938	0.221428	0.41153	0.617972	0.576702	0.993688	0.328834	0.100751	0.250442	0.593399	0.234509	0.480615	0.760363	0.43024	0.778488	0.492862	0.14711	0.424367	0.873466	0.533244	0.607181	0.401886	0.424854	0.422319	0.41823	0.316156	0.797496	
0.298785	0.572768	0.387645	0.663317	0.444054	0.505821	0.619362	0.341601	0.70203	0.220818	0.373697	0.528502	0.689494	0.240033	0.184198	0.36463	0.514457	0.383649	0.676397	0.366177	0.0685914	0.531768	0.291538	0.611336	0.373171	0.260797	0.449416	0.186206	0.203871	0.449244	
0.781982	1.0488	0.659784	1.058	0.944526	0.992127	1.05984	0.352369	0.833402	0.709651	0.801686	1.02787	1.16044	0.740867	0.583661	0.229505	0.997595	0.3403	1.16974	0.862872	0.449179	0.0729862	0.36817	1.05426	0.845448	0.477518	0.925254	0.636682	0.696779	0.563029	
0.275007	0.664493	0.291207	0.908293	0.389182	0.584382	0.79385	0.589043	1.15803	0.496024	0.140194	0.393946	0.757979	0.402967	0.631468	0.855533	0.603437	0.893689	0.642188	0.325291	0.517775	0.913379	0.556258	0.783032	0.580472	0.442464	0.60029	0.576161	0.48052	0.943938	
0.840084	0.76815	0.999915	0.595354	0.865355	0.766896	0.683134	0.83868	0.154053	0.626342	0.963592	0.946029	0.833064	0.71859	0.471783	0.47214	0.758165	0.355281	0.931135	0.845458	0.646205	0.757068	0.807645	0.684721	0.634989	0.842011	0.688181	0.531951	0.635754	0.168159	
0.553664	0.356497	0.831119	0.227475	0.504057	0.365811	0.275808	0.807841	0.381964	0.339803	0.701991	0.572382	0.421713	0.427329	0.296208	0.609756	0.354188	0.523893	0.519881	0.517236	0.539626	0.891665	0.760656	0.27581	0.263409	0.736201	0.29271	0.298123	0.359311	0.351084	
0.817512	0.811086	0.936776	0.673014	0.870607	0.797729	0.744031	0.748154	0.274681	0.61655	0.92838	0.95522	0.888507	0.703746	0.448479	0.364283	0.791656	0.250313	0.971172	0.83758	0.58305	0.641423	0.721607	0.744035	0.654633	0.768244	0.717421	0.516318	0.622007	0.135629	
0.570779	0.271014	0.881175	0.111084	0.477195	0.30511	0.160792	0.895441	0.46647	0.380191	0.722154	0.531105	0.312762	0.453333	0.387698	0.728044	0.28915	0.646011	0.430466	0.513236	0.622582	1.00436	0.846371	0.163291	0.256291	0.808641	0.249439	0.369854	0.401825	0.474157	
0.470124	0.656978	0.535745	0.673336	0.589344	0.605079	0.666028	0.383112	0.580623	0.332686	0.551414	0.676867	0.766971	0.387931	0.189356	0.205956	0.608824	0.205936	0.785998	0.524093	0.182785	0.444747	0.344946	0.66022	0.454778	0.371176	0.534527	0.246952	0.324759	0.303568	
0.277022	0.527033	0.411363	0.619184	0.407644	0.46097	0.573294	0.387018	0.680805	0.175495	0.369014	0.493481	0.643599	0.203026	0.151303	0.391134	0.469232	0.39757	0.633103	0.334668	0.114723	0.573813	0.33666	0.56522	0.327001	0.299189	0.403502	0.142615	0.159384	0.43918	
