15	50
75.9416	29.8442
19.7171	68.4441
85.0093	77.1408
15.6649	81.3201
22.9203	78.4566
77.2768	74.3669
38.1675	85.436
9.78136	71.9588
69.0817	124.696
63.154	111.709
26.8916	23.2434
25.1839	15.7956
13.234	134.754
17.4109	29.3567
57.8095	79.9396
8.41163
17.1987
20.896
2.50834
6.47222
9.9754
23.0672
1.57196
17.4491
15.6465
13.1491
12.6786
22.5598
8.24703
6.0896
6.97092
15.9795
3.78623
10.9225
17.879
2.29374
6.37943
16.979
19.7077
19.6748
0.751315
7.41676
6.4864
1.70424
3.88178
14.7723
5.54912
13.8702
13.1923
20.1258
3.32482
8.10373
5.52264
10.7972
7.74741
12.821
7.52756
4.43658
13.4737
1.25113
14.3002
17.7981
12.3995
14.2253
15.2578
0.619734	0.469903	0.436914	0.435683	0.297566	0.216389	0.690371	0.407436	0.36654	0.417628	0.36224	0.401591	0.286994	0.41012	0.44567	0.127396	0.233313	0.578563	0.429264	0.455747	0.320454	0.227216	0.651495	0.34635	0.345998	0.660527	0.190647	0.302682	0.388989	0.468264	0.418607	0.572005	0.504036	0.293893	0.221841	0.439202	0.358697	0.549402	0.388791	0.319702	0.274197	0.182221	0.234359	0.313724	0.408501	0.0560275	0.434065	0.552928	0.155548	0.382724	
0.473874	0.577125	0.635751	0.749146	0.580971	0.250838	0.962908	0.694539	0.124192	0.634419	0.338677	0.22113	0.579062	0.710725	0.500951	0.246865	0.316352	0.855453	0.375909	0.255106	0.592827	0.128593	0.881183	0.190605	0.640337	0.884825	0.233725	0.535636	0.344241	0.345109	0.536128	0.415729	0.328713	0.223237	0.242244	0.274712	0.640941	0.508694	0.0939088	0.00763162	0.530427	0.242216	0.326246	0.591984	0.670152	0.354108	0.236482	0.45201	0.334672	0.668507	
0.675361	0.445707	0.435681	0.325337	0.195061	0.315097	0.627739	0.342868	0.479675	0.407501	0.451682	0.51109	0.179797	0.33003	0.446199	0.204072	0.31566	0.472426	0.519243	0.536684	0.223404	0.340266	0.562809	0.456034	0.236248	0.57386	0.260455	0.296569	0.434042	0.568391	0.395495	0.633387	0.575084	0.398539	0.322288	0.545899	0.30273	0.575579	0.501319	0.42983	0.192538	0.249588	0.264057	0.2666	0.367154	0.071787	0.515954	0.645647	0.175548	0.321163	
0.800052	0.513576	0.409822	0.190421	0.169805	0.418283	0.517519	0.243889	0.606222	0.373321	0.535783	0.625163	0.141349	0.211389	0.537586	0.343321	0.400144	0.395759	0.60137	0.673671	0.206391	0.467393	0.528061	0.571407	0.166781	0.542835	0.39746	0.284062	0.556884	0.664209	0.467995	0.761609	0.708294	0.50615	0.427224	0.653624	0.221086	0.682673	0.633869	0.566093	0.22012	0.386293	0.38636	0.205105	0.296983	0.211692	0.653319	0.72818	0.301882	0.228836	
0.206722	0.299157	0.851097	0.742675	0.511925	0.522527	1.09611	0.810811	0.468353	0.83473	0.65324	0.564836	0.527375	0.797925	0.200941	0.292221	0.578543	0.721756	0.703354	0.165138	0.501308	0.418343	0.673024	0.52858	0.578641	0.669635	0.229789	0.720334	0.0390929	0.686363	0.280278	0.169955	0.143358	0.538773	0.518877	0.618476	0.767473	0.164576	0.423679	0.350741	0.435825	0.236939	0.207315	0.726272	0.824242	0.410563	0.161631	0.792954	0.293815	0.788164	
0.830346	0.466888	0.566327	0.1284	0.120827	0.578818	0.583691	0.35724	0.748437	0.527234	0.704434	0.779858	0.109545	0.300261	0.521478	0.443271	0.567707	0.223533	0.770825	0.745827	0.136323	0.609282	0.372779	0.724982	0.0543404	0.389633	0.48268	0.450516	0.593699	0.829451	0.432546	0.801999	0.764963	0.66484	0.586929	0.812772	0.356613	0.682151	0.766332	0.690273	0.197413	0.471256	0.437128	0.357361	0.432695	0.332821	0.727882	0.897929	0.372263	0.35264	
0.81677	0.530594	0.398286	0.182749	0.184163	0.422611	0.500095	0.227053	0.614192	0.36118	0.536661	0.630557	0.155415	0.19396	0.555004	0.357429	0.401856	0.400954	0.601716	0.688715	0.220644	0.475805	0.538029	0.577173	0.176354	0.553148	0.412387	0.27514	0.573636	0.666423	0.485173	0.778029	0.724103	0.510765	0.431774	0.657821	0.205676	0.700034	0.643326	0.576824	0.236705	0.401284	0.403001	0.19194	0.281992	0.224929	0.668252	0.728234	0.318082	0.2125	
0.908627	0.842727	0.234354	0.635497	0.619401	0.214266	0.611268	0.426167	0.387395	0.256423	0.144848	0.322404	0.597628	0.479549	0.810062	0.465555	0.156478	0.876049	0.174934	0.700102	0.651818	0.333249	0.991941	0.300342	0.641506	1.00411	0.51729	0.231631	0.715897	0.267066	0.791567	0.852542	0.7689	0.236766	0.219781	0.309002	0.378541	0.888554	0.452807	0.453281	0.625224	0.514486	0.592705	0.341394	0.352745	0.421271	0.679213	0.280066	0.525841	0.405039	
0.870986	0.530939	0.492788	0.0749321	0.168524	0.545763	0.506295	0.277067	0.731007	0.452965	0.661179	0.752415	0.145448	0.219446	0.576527	0.448855	0.526407	0.291846	0.726072	0.768005	0.195662	0.591708	0.452027	0.698493	0.116872	0.469248	0.49615	0.383961	0.62997	0.790906	0.492687	0.838414	0.794252	0.63362	0.554702	0.781104	0.279418	0.733355	0.755726	0.68466	0.244372	0.484673	0.465314	0.284784	0.354557	0.324957	0.748822	0.852431	0.390317	0.27358	
0.477816	0.167354	0.714592	0.473671	0.236198	0.50449	0.878176	0.602081	0.572164	0.686968	0.654305	0.64353	0.257425	0.571913	0.177139	0.243517	0.534895	0.436479	0.718679	0.426933	0.218598	0.457748	0.419676	0.592003	0.299964	0.421617	0.232512	0.575341	0.249564	0.739173	0.116425	0.453601	0.428736	0.563657	0.506798	0.691749	0.570702	0.330483	0.559261	0.472999	0.158835	0.225329	0.139987	0.540706	0.640794	0.261226	0.413339	0.83532	0.158773	0.58416	
0.433269	0.265142	0.657447	0.519684	0.297222	0.394925	0.873549	0.589042	0.444038	0.635492	0.543347	0.518118	0.308346	0.572574	0.224473	0.125482	0.434181	0.542679	0.605319	0.329632	0.294367	0.334241	0.545998	0.467819	0.364203	0.548861	0.103838	0.520537	0.190143	0.618516	0.216498	0.395798	0.349572	0.445389	0.39567	0.567502	0.548558	0.33194	0.43057	0.344335	0.226616	0.0971845	0.0204035	0.510359	0.610255	0.197351	0.312509	0.717583	0.0721987	0.567424	
0.51684	0.268138	0.616675	0.430343	0.206008	0.408618	0.801792	0.520209	0.498372	0.590435	0.558209	0.561189	0.217338	0.497225	0.2614	0.161481	0.435598	0.458778	0.623593	0.420735	0.204581	0.374204	0.481809	0.507911	0.272955	0.487173	0.173304	0.477531	0.274506	0.649617	0.216868	0.482642	0.440052	0.472938	0.411703	0.607035	0.484312	0.396527	0.49489	0.41013	0.137066	0.1631	0.111467	0.45063	0.551217	0.159858	0.403346	0.74276	0.069987	0.500367	
0.800101	0.87911	0.52412	0.857582	0.770157	0.261826	0.900512	0.69429	0.213038	0.544553	0.155918	0.112805	0.756562	0.738141	0.816261	0.495663	0.278489	1.04922	0.117073	0.580067	0.794611	0.282794	1.12368	0.151514	0.812289	1.13165	0.518489	0.496783	0.673117	0.0247242	0.832469	0.741898	0.654888	0.180797	0.254517	0.0600495	0.641832	0.841301	0.273325	0.32795	0.747308	0.522108	0.613915	0.597347	0.631609	0.530295	0.563968	0.120721	0.583376	0.670394	
0.794507	0.736288	0.298261	0.597363	0.542319	0.100494	0.658228	0.430958	0.298525	0.30632	0.113982	0.256539	0.523718	0.47259	0.699062	0.353508	0.0420954	0.811716	0.177904	0.588118	0.572006	0.222602	0.911443	0.219365	0.57371	0.922217	0.403333	0.235992	0.600916	0.249229	0.685474	0.738759	0.655804	0.145522	0.107245	0.261884	0.377596	0.773796	0.359401	0.347614	0.5374	0.400977	0.481532	0.3321	0.375229	0.324206	0.566949	0.304582	0.419145	0.406438	
0.492628	0.611696	0.64243	0.776988	0.613375	0.2562	0.977357	0.712856	0.0964956	0.643314	0.328702	0.196463	0.610743	0.731686	0.53444	0.280411	0.321103	0.888902	0.360467	0.272535	0.625986	0.139141	0.916315	0.172912	0.671976	0.920033	0.268965	0.548077	0.375204	0.32234	0.571049	0.434347	0.347128	0.216374	0.246811	0.249467	0.658796	0.537007	0.0585605	0.0277335	0.564123	0.277355	0.361593	0.609647	0.684595	0.383522	0.255449	0.428898	0.369002	0.686758	
