15	20
164.17	34.7548
158.227	24.1873
134.394	148.551
76.0918	142.418
41.2485	82.3071
156.435	53.3236
21.4005	66.1489
114.118	159.569
51.7312	47.7269
145.858	107.974
145.235	90.8708
122.497	148.159
155.563	107.878
60.7568	54.0964
117.911	145.816
34.3584
40.5584
20.3396
8.32159
43.4717
37.9264
18.3794
20.3963
23.5557
7.60703
20.0043
4.73199
35.2052
17.8251
33.9569
25.2752
27.6127
8.92986
3.98165
38.8231
0.257338	0.0623052	0.754562	0.383945	0.664382	0.281312	0.783304	1.05571	0.652861	0.793796	0.783507	0.793422	1.05219	0.623394	0.245357	0.989576	0.339103	0.665432	0.778943	0.564332	
0.22884	0.402733	0.29907	0.0757629	0.242781	0.526958	0.339081	0.676772	0.423148	0.334868	0.772532	0.671825	0.671346	0.608974	0.529738	0.596918	0.269037	0.352542	0.340089	0.151072	
0.0680843	0.174023	0.559313	0.231261	0.530944	0.448579	0.630674	0.958502	0.626967	0.606717	0.872953	0.830677	0.953611	0.701746	0.427166	0.88194	0.1047	0.430861	0.567735	0.432573	
0.530226	0.584263	0.560533	0.407278	0.323433	0.452811	0.429411	0.500842	0.0525246	0.550608	0.387932	0.261699	0.499838	0.255695	0.486654	0.460812	0.631003	0.753876	0.643882	0.308766	
0.435407	0.606595	0.149156	0.278739	0.0999302	0.683193	0.135861	0.504737	0.398803	0.153957	0.800415	0.658321	0.498348	0.658473	0.695116	0.419924	0.458505	0.396934	0.231689	0.124478	
0.412691	0.520836	0.388043	0.261985	0.163717	0.494264	0.288351	0.496075	0.181676	0.386155	0.565546	0.43891	0.492418	0.419663	0.516386	0.430401	0.493621	0.576575	0.467798	0.128524	
0.52152	0.715215	0.088508	0.40882	0.324503	0.862609	0.278102	0.646313	0.627242	0.134135	1.02865	0.88608	0.638904	0.883661	0.866496	0.561226	0.488146	0.261352	0.00333268	0.340389	
0.0951496	0.17926	0.576431	0.256831	0.555613	0.465292	0.653339	0.98437	0.654642	0.625078	0.897761	0.857531	0.979419	0.726758	0.442001	0.907371	0.103099	0.43262	0.581196	0.457822	
0.292583	0.449589	0.285551	0.128295	0.172367	0.528417	0.282153	0.602436	0.353052	0.308737	0.719346	0.607099	0.597221	0.561135	0.537458	0.52407	0.345339	0.408508	0.345145	0.0748015	
0.821564	0.79194	0.942709	0.744768	0.704226	0.521036	0.800462	0.738916	0.401666	0.930289	0.00852757	0.181418	0.741652	0.170433	0.563879	0.738472	0.939006	1.12087	1.02637	0.688548	
0.658973	0.758988	0.491601	0.504756	0.270329	0.671227	0.312238	0.279334	0.170443	0.459424	0.528038	0.347938	0.278015	0.445219	0.702791	0.240709	0.735319	0.76252	0.582411	0.326697	
0.375444	0.302986	0.718663	0.377163	0.543683	0.102172	0.672613	0.852734	0.411253	0.737974	0.488845	0.503585	0.850856	0.32734	0.128649	0.801817	0.496497	0.760898	0.774711	0.462364	
0.490608	0.457152	0.723209	0.440451	0.511715	0.227802	0.635354	0.745256	0.297166	0.729696	0.337318	0.343142	0.74453	0.169183	0.268148	0.70624	0.610582	0.830774	0.793203	0.453949	
0.666157	0.731582	0.599592	0.529448	0.363035	0.590957	0.433839	0.386862	0.105336	0.575313	0.3902	0.212311	0.387532	0.316803	0.627158	0.366786	0.759349	0.840197	0.688979	0.388022	
0.22062	0.230979	0.568651	0.210346	0.426602	0.250158	0.552853	0.797249	0.396549	0.595065	0.604315	0.569139	0.793965	0.433002	0.253205	0.733612	0.341204	0.591619	0.616871	0.332393	
