15	30
176.053	119.177
166.547	80.5733
87.5385	63.347
93.8708	131.212
38.5802	121.716
91.2412	88.1851
66.1072	103.024
99.911	78.7226
68.293	85.1904
5.86651	124.801
142.03	77.0672
153.636	125.601
10.8044	89.0695
75.5644	100.118
16.3004	87.0913
22.7928
20.3822
16.7095
2.51096
21.7103
21.5754
21.5933
9.38091
12.2762
14.4417
17.5494
3.02273
13.3509
7.21062
22.2411
25.5742
12.5355
10.8335
0.842145
21.9064
30.2769
9.32071
23.2
33.7375
16.0392
15.2307
29.6209
27.1177
2.69098
5.95741
0.568457	0.885738	0.491284	0.253627	0.867464	0.442402	0.555558	0.481799	0.236513	0.521664	0.848616	1.04192	0.698907	0.794431	0.327567	0.243245	0.673051	0.781023	0.828379	0.653791	0.811766	0.803891	0.230355	0.0808153	0.058612	0.794285	0.80941	0.733105	0.720314	0.872136	
0.134247	0.449295	0.132007	0.184374	0.480425	0.596723	0.445389	0.615364	0.534564	0.657152	0.419952	0.769353	0.358004	0.399285	0.455401	0.301865	0.237338	0.386588	0.582351	0.542547	0.373772	0.378981	0.264353	0.39888	0.495074	0.585218	0.618325	0.296757	0.552439	0.436598	
0.598386	0.855975	0.468988	0.447798	1.00817	0.871145	0.892609	0.907856	0.249972	0.950225	0.909937	1.29969	0.531118	0.670096	0.737127	0.274578	0.727704	0.659107	1.10198	0.998684	0.817807	0.879909	0.548097	0.366056	0.472827	1.09151	1.11847	0.728771	1.0389	0.837662	
0.562453	0.87916	0.476104	0.253098	0.880754	0.490504	0.591528	0.529667	0.190169	0.569841	0.852063	1.07098	0.674692	0.77631	0.372557	0.210008	0.672768	0.762936	0.858109	0.691691	0.808222	0.808486	0.25415	0.0439776	0.088122	0.826826	0.843585	0.727038	0.755141	0.864854	
0.813594	1.07204	0.821587	0.598467	0.859974	0.105647	0.370713	0.0849732	0.76809	0.0510521	0.946728	0.809415	1.05514	1.09191	0.253229	0.722499	0.843961	1.07996	0.627778	0.383193	0.982489	0.899663	0.470767	0.604899	0.522708	0.561899	0.548047	0.940694	0.475464	1.06679	
0.362832	0.678054	0.273525	0.086171	0.712713	0.541743	0.527341	0.573556	0.296191	0.617445	0.662857	0.954645	0.481657	0.575593	0.396897	0.0907081	0.479172	0.562189	0.749356	0.633412	0.609777	0.621688	0.188052	0.161687	0.277417	0.73266	0.757472	0.526624	0.675742	0.663345	
0.635038	0.865146	0.670109	0.491814	0.634204	0.180036	0.145375	0.158127	0.764191	0.175763	0.728997	0.606692	0.895587	0.911266	0.206782	0.649982	0.643707	0.900264	0.411019	0.168877	0.775575	0.682945	0.374102	0.579763	0.544152	0.349468	0.343571	0.7435	0.261141	0.861707	
0.521322	0.772672	0.39159	0.402665	0.934117	0.854924	0.848522	0.889728	0.289673	0.932989	0.830528	1.23658	0.447592	0.586237	0.715243	0.238806	0.649979	0.5752	1.04315	0.954384	0.736028	0.801804	0.51404	0.363841	0.483369	1.03669	1.06543	0.647229	0.98866	0.7543	
0.536061	0.852562	0.468683	0.220836	0.819592	0.400813	0.501336	0.439145	0.284142	0.480245	0.807262	0.987889	0.685133	0.77312	0.278678	0.248264	0.635129	0.759727	0.774276	0.599976	0.776118	0.76179	0.179324	0.10768	0.0971064	0.739924	0.755057	0.699945	0.665994	0.839637	
0.306278	0.587896	0.179011	0.224161	0.713808	0.715003	0.651627	0.744304	0.362925	0.788303	0.620583	1.01536	0.322908	0.438948	0.567977	0.147223	0.435918	0.426027	0.825231	0.755731	0.537663	0.58821	0.351137	0.311877	0.440667	0.822839	0.853508	0.448459	0.780794	0.570686	
0.1306	0.307466	0.253521	0.367687	0.293619	0.674743	0.438073	0.682488	0.727856	0.718986	0.231903	0.624821	0.389672	0.358241	0.552832	0.494663	0.0769559	0.349299	0.46755	0.510854	0.219361	0.187976	0.411642	0.586405	0.671386	0.491499	0.530254	0.176155	0.487556	0.300668	
0.525695	0.738116	0.577668	0.439309	0.504884	0.291815	0.0176681	0.279908	0.760889	0.304116	0.598466	0.522073	0.793772	0.797165	0.253818	0.610123	0.521036	0.786782	0.312763	0.115026	0.648814	0.552716	0.341959	0.57362	0.567696	0.262869	0.270883	0.621688	0.180881	0.735462	
0.349286	0.358351	0.474692	0.551225	0.0862112	0.716889	0.420886	0.711719	0.92534	0.73899	0.183939	0.419178	0.582691	0.511804	0.629013	0.699702	0.238859	0.507109	0.306408	0.449344	0.283083	0.150928	0.555424	0.766716	0.83038	0.354709	0.395276	0.312057	0.388869	0.363741	
0.528642	0.829354	0.50153	0.256764	0.726783	0.247709	0.343671	0.282036	0.454137	0.325307	0.74943	0.843431	0.73443	0.795625	0.110623	0.371622	0.59905	0.782689	0.630004	0.436815	0.744802	0.701556	0.13576	0.272034	0.239816	0.5884	0.5993	0.681471	0.509359	0.819469	
0.584601	0.888666	0.472554	0.322283	0.952906	0.65344	0.72908	0.692262	0.0569978	0.732843	0.894712	1.18613	0.626984	0.748158	0.530903	0.180128	0.70858	0.735297	0.976907	0.832732	0.829471	0.855696	0.377861	0.148906	0.235763	0.953321	0.974145	0.742286	0.888126	0.872314	
