15	40
73.3232	39.3859
72.6545	122.628
28.3392	47.3776
33.6951	43.9316
45.0908	15.6892
60.9313	142.74
2.67049	80.6285
4.56376	71.6984
83.9855	69.9327
19.3746	34.1079
77.2427	86.2458
22.3627	49.5305
48.1721	121.999
11.072	96.0395
6.71935	50.2508
19.4585
21.1902
17.2688
21.7288
6.71936
18.57
15.175
13.8493
13.5958
21.3223
7.70529
21.5577
18.1632
9.42345
14.8012
10.3002
15.1994
5.13107
22.5134
4.04582
13.6721
12.1169
23.3223
7.45992
6.88806
11.2752
11.8736
6.12634
0.953875
13.2339
15.9193
19.7795
8.2726
6.91945
16.5225
17.4453
6.20013
7.06803
15.8355
17.489
0.784457	0.134899	0.980423	0.814829	0.694359	0.952803	0.587844	0.730578	0.969088	0.434294	0.356931	0.269673	0.31268	0.738085	0.860133	0.431255	0.450513	0.613568	0.638344	0.0117726	0.556899	0.290142	0.376867	0.701117	1.04148	0.480139	0.610085	0.478888	0.248378	0.955314	0.204961	0.788959	0.400905	0.636581	0.153627	0.880283	0.971028	0.635697	0.288367	0.526314	
0.664375	0.0673817	0.85041	0.688438	0.566521	0.825252	0.484765	0.611513	0.839243	0.334887	0.349254	0.199993	0.182571	0.655168	0.7313	0.472211	0.330315	0.483431	0.509827	0.141131	0.437862	0.202745	0.360953	0.573566	0.913545	0.423318	0.568265	0.391556	0.12199	0.846192	0.194319	0.685703	0.366803	0.506644	0.163301	0.752532	0.859452	0.520055	0.329395	0.398494	
0.596947	0.102279	0.840853	0.647617	0.60618	0.859078	0.378273	0.541839	0.82591	0.226161	0.51412	0.0507837	0.237011	0.7865	0.707063	0.629706	0.417657	0.496759	0.490012	0.231222	0.37412	0.0839078	0.525701	0.614865	0.878512	0.264393	0.726391	0.260719	0.156544	0.937976	0.358235	0.79115	0.201923	0.526287	0.0963214	0.786703	0.946024	0.607	0.485091	0.379698	
0.284984	0.375175	0.563021	0.348537	0.424575	0.63738	0.0957388	0.229837	0.544732	0.0928923	0.688745	0.264777	0.280203	0.774057	0.420254	0.846789	0.385816	0.29419	0.232948	0.521713	0.0783546	0.229172	0.68826	0.434556	0.577418	0.250892	0.815976	0.124811	0.284665	0.815186	0.563822	0.712654	0.31303	0.326836	0.408893	0.57148	0.811753	0.51665	0.713031	0.165577	
1.05226	0.51762	1.13058	1.03817	0.796129	1.0176	0.923171	1.00641	1.12763	0.783556	0.156844	0.659698	0.553296	0.570679	1.05051	0.0262632	0.550449	0.783357	0.854254	0.420755	0.844712	0.662176	0.172857	0.797919	1.23391	0.882838	0.332238	0.847052	0.550795	0.873645	0.269799	0.701277	0.817542	0.789955	0.57684	0.955525	0.901733	0.649341	0.137976	0.764558	
0.664504	0.433265	0.685159	0.622727	0.349484	0.570441	0.617388	0.629351	0.683945	0.526678	0.296959	0.50723	0.282777	0.285782	0.618887	0.474716	0.143087	0.362451	0.451571	0.475812	0.502288	0.480336	0.276949	0.350417	0.797087	0.693253	0.298547	0.6011	0.348609	0.490772	0.308866	0.3203	0.680083	0.360123	0.534127	0.50666	0.50999	0.203629	0.408051	0.394967	
0.294964	0.361345	0.564431	0.353384	0.415066	0.632463	0.113766	0.23987	0.546618	0.0885779	0.670907	0.255128	0.262276	0.758204	0.422702	0.82937	0.368931	0.284853	0.228841	0.507737	0.0788266	0.21819	0.67033	0.425036	0.583269	0.256807	0.798223	0.131238	0.268119	0.803904	0.546623	0.698949	0.313622	0.317702	0.398295	0.565695	0.801095	0.502587	0.695997	0.154103	
0.0699245	0.600584	0.331088	0.103801	0.335555	0.460004	0.234929	0.0558079	0.310281	0.341	0.832863	0.508655	0.446217	0.775757	0.186376	1.00692	0.456023	0.241303	0.143897	0.743557	0.179677	0.470004	0.824883	0.343778	0.329405	0.473887	0.890814	0.356389	0.486827	0.717569	0.738695	0.666442	0.553123	0.257953	0.649611	0.409077	0.703956	0.495805	0.887996	0.222435	
0.535265	0.384671	0.587954	0.500327	0.260148	0.508745	0.490125	0.498756	0.583579	0.411666	0.388888	0.424158	0.193189	0.382128	0.505458	0.569353	0.0137119	0.24059	0.323739	0.465899	0.372153	0.390755	0.374948	0.264197	0.688236	0.587161	0.429882	0.485423	0.272933	0.511779	0.347472	0.362125	0.587947	0.244472	0.483174	0.438637	0.522835	0.182138	0.476895	0.263755	
0.787195	0.234088	0.92006	0.790625	0.603046	0.853262	0.637057	0.737762	0.912687	0.494073	0.181103	0.371854	0.279318	0.563553	0.81823	0.304517	0.342937	0.553155	0.605341	0.186409	0.569084	0.371947	0.196907	0.607798	1.0038	0.595124	0.425167	0.556526	0.262502	0.805313	0.0228147	0.633042	0.536815	0.568319	0.31088	0.783333	0.824863	0.505	0.167382	0.503428	
0.291286	0.516205	0.351179	0.238784	0.134893	0.356256	0.348643	0.268325	0.341515	0.361486	0.648386	0.47665	0.317818	0.55394	0.246778	0.827841	0.255777	0.0218401	0.0842343	0.641206	0.222698	0.434401	0.636075	0.144762	0.432056	0.540749	0.674754	0.415536	0.38694	0.530728	0.582089	0.453419	0.587231	0.0388634	0.593239	0.286119	0.524076	0.27425	0.724178	0.137048	
1.04699	0.470763	1.1529	1.04322	0.822553	1.05566	0.89873	0.998577	1.14814	0.753126	0.19109	0.61503	0.540213	0.641628	1.06312	0.0808024	0.567561	0.795211	0.857774	0.35681	0.831301	0.622911	0.215686	0.825401	1.24822	0.835831	0.414376	0.812053	0.524035	0.936159	0.246078	0.761621	0.763297	0.805483	0.517501	0.990583	0.962562	0.688987	0.0956869	0.760852	
0.271615	0.646471	0.220759	0.173887	0.147517	0.254198	0.417363	0.274334	0.212621	0.466945	0.762878	0.599068	0.449001	0.598566	0.138781	0.943399	0.370119	0.148777	0.153236	0.772409	0.308018	0.556796	0.748239	0.152149	0.315119	0.635929	0.757353	0.510054	0.517564	0.501201	0.707735	0.468614	0.694518	0.13207	0.721042	0.194462	0.486195	0.327375	0.846616	0.254495	
0.630446	0.513581	0.605413	0.572373	0.273589	0.473339	0.623692	0.602457	0.606706	0.556402	0.396067	0.567785	0.336535	0.237896	0.555591	0.570175	0.160126	0.320007	0.417673	0.571501	0.499652	0.53583	0.374027	0.272233	0.726266	0.733519	0.340561	0.629582	0.412815	0.391067	0.412732	0.22647	0.733952	0.308716	0.6142	0.412917	0.408351	0.105489	0.511504	0.38692	
0.622157	0.109052	0.795306	0.639574	0.507632	0.766312	0.458096	0.570495	0.784705	0.314376	0.343231	0.208903	0.126699	0.608701	0.678956	0.484081	0.271872	0.427124	0.458441	0.197905	0.398228	0.199346	0.350526	0.514597	0.862361	0.427225	0.540513	0.378038	0.0834926	0.789846	0.199717	0.631466	0.383932	0.449466	0.210022	0.69364	0.80242	0.462378	0.346183	0.348726	
