10	30
95.2413	39.4234
1.52645	120.291
142.132	13.6496
178.395	91.7791
114.026	14.0313
81.5121	98.0072
26.196	68.4051
37.4648	26.0405
49.854	124.679
171.956	130.304
7.04052
5.3945
25.1342
10.5482
2.16571
24.204
4.17208
1.48203
21.0793
25.7497
4.38218
0.0452883
25.7889
1.7011
18.108
0.266034
14.4981
22.5017
1.78224
14.2172
21.8662
4.139
22.24
5.67448
25.115
6.43428
21.7835
6.4914
0.168138
19.1319
0.315744	0.848026	0.450662	0.885472	0.770266	0.390185	0.29055	0.0404804	0.631585	0.611758	0.60297	0.780005	0.43479	0.444295	0.561888	0.476466	0.283944	0.667177	0.48011	0.879159	0.712527	1.02889	0.489981	0.131498	0.183265	0.296846	0.654562	0.403701	0.544975	0.749114	
0.663905	0.554719	0.48336	0.214315	0.727422	0.606	0.666731	0.657604	0.255664	0.630371	0.110414	0.473371	0.526079	0.870937	0.123433	0.706622	0.586261	0.0509819	0.927413	0.620041	0.0714917	0.351162	0.612519	0.549863	0.516723	0.627594	0.0609802	0.700425	0.633962	0.767191	
0.534306	0.401366	0.329541	0.292517	0.555203	0.461856	0.542145	0.608621	0.0850967	0.460013	0.228319	0.316423	0.374277	0.732373	0.190779	0.55213	0.464456	0.122623	0.788777	0.464142	0.243974	0.471827	0.453012	0.491773	0.489436	0.501646	0.214199	0.742126	0.468833	0.594716	
0.359272	0.842623	0.455001	0.83235	0.791918	0.418576	0.336186	0.0426612	0.601429	0.632129	0.538896	0.769694	0.447027	0.51098	0.501675	0.51692	0.310726	0.614433	0.550526	0.879145	0.649791	0.967835	0.51481	0.10036	0.109962	0.333402	0.592485	0.338402	0.56998	0.777382	
0.191284	0.760039	0.412528	1.01805	0.568525	0.275306	0.186492	0.411072	0.689293	0.444967	0.816934	0.723609	0.369242	0.0797343	0.763004	0.251052	0.267037	0.820058	0.107159	0.762832	0.908628	1.19375	0.339933	0.411177	0.506049	0.225842	0.853143	0.776693	0.374216	0.519871	
0.71424	0.121685	0.5164	0.608313	0.324421	0.612797	0.737456	0.972168	0.435031	0.410911	0.73667	0.204211	0.5392	0.812927	0.702174	0.604954	0.698255	0.606689	0.855471	0.0930731	0.718911	0.772041	0.522555	0.862643	0.906456	0.707059	0.710458	1.21117	0.481931	0.392227	
0.599262	0.853249	0.563079	0.629524	0.910313	0.608138	0.585196	0.377068	0.541021	0.762662	0.311559	0.768165	0.582545	0.79472	0.307987	0.725671	0.521941	0.439676	0.843269	0.907952	0.413238	0.717403	0.676621	0.331011	0.239724	0.561977	0.3679	0.279826	0.724145	0.920567	
0.715542	0.200239	0.543595	0.723782	0.272302	0.617453	0.740463	1.00266	0.519703	0.398084	0.829182	0.284687	0.557371	0.783666	0.79027	0.586555	0.713425	0.705162	0.820529	0.137394	0.821376	0.890633	0.519887	0.899338	0.953403	0.714913	0.807954	1.2684	0.471503	0.333908	
0.491222	0.148131	0.269374	0.478638	0.29697	0.391221	0.510716	0.710586	0.19128	0.258303	0.502903	0.0719057	0.302948	0.636991	0.45969	0.425481	0.456684	0.391969	0.688198	0.199694	0.513636	0.665692	0.323708	0.598054	0.637549	0.474835	0.48975	0.941802	0.305597	0.349579	
0.696911	0.356128	0.47376	0.185455	0.591182	0.611707	0.708755	0.801527	0.19705	0.544856	0.351675	0.291529	0.518308	0.880461	0.339617	0.681927	0.635533	0.211901	0.935614	0.42192	0.299799	0.369746	0.577334	0.684381	0.681976	0.668381	0.308567	0.920275	0.576786	0.6461	
