10	30
1.23532	43.2353
30.888	40.4189
73.3122	157.747
179.852	49.6502
70.3281	124.804
135.261	68.5319
51.7974	40.7975
54.7263	45.5064
80.764	128.581
124.208	138.216
11.9478
11.0338
16.0236
7.38793
13.1355
2.8218
13.0013
15.505
0.804066
8.05534
2.11352
12.6763
14.821
7.1536
6.20925
2.10328
15.7009
1.34425
4.56067
8.72638
16.286
16.1807
15.4388
10.2641
11.9106
0.581629
13.4426
3.16068
14.5137
2.25852
0.169173	0.654688	0.768263	0.335382	0.304867	0.594649	0.67541	0.128575	1.01872	0.696817	0.793228	1.06569	0.693868	0.829701	0.688601	0.910168	0.930053	0.772819	0.0121572	0.16638	0.296461	0.347125	0.715191	0.414283	0.602029	0.665431	0.898844	0.679281	0.943317	0.520281	
1.05608	0.290901	0.77277	0.634108	0.628935	0.691459	0.264489	0.771131	0.299286	0.425314	0.393439	0.338393	0.746246	0.131909	0.354793	0.350323	0.383732	0.186734	0.902243	0.877628	0.864116	0.847504	0.497772	0.692805	0.496072	0.247058	0.166047	0.216268	0.443371	0.564445	
0.475401	0.418216	0.461554	0.0708349	0.34712	0.282888	0.443696	0.212828	0.751615	0.402416	0.500796	0.795096	0.38705	0.678662	0.41425	0.626024	0.640513	0.539952	0.328623	0.429599	0.164065	0.159203	0.716512	0.102154	0.605424	0.453719	0.656775	0.492931	0.644848	0.210763	
0.370784	0.63222	0.554154	0.280594	0.470627	0.404535	0.657791	0.257382	0.956797	0.599317	0.696363	0.998465	0.484126	0.886953	0.621619	0.824678	0.835323	0.753695	0.279992	0.432485	0.0607126	0.109754	0.879551	0.25753	0.764393	0.667481	0.868968	0.704626	0.831723	0.401582	
0.549737	0.374033	0.394568	0.0889922	0.390066	0.214288	0.400269	0.283225	0.690569	0.335483	0.433522	0.732696	0.320718	0.653836	0.355243	0.560551	0.573211	0.493097	0.402797	0.498418	0.209042	0.18498	0.730367	0.0464058	0.623425	0.417134	0.60461	0.463338	0.574739	0.139667	
0.816337	0.551056	1.04327	0.651934	0.410619	0.889126	0.542533	0.631334	0.802515	0.731334	0.76836	0.846932	0.985667	0.385832	0.659841	0.799159	0.834086	0.569604	0.706457	0.596135	0.852918	0.869104	0.0211718	0.777964	0.111288	0.49426	0.650306	0.437745	0.885366	0.730546	
1.02708	0.213998	0.653434	0.569985	0.623414	0.584789	0.18952	0.733112	0.210804	0.311692	0.270053	0.257596	0.63131	0.230144	0.248066	0.22877	0.263188	0.0917549	0.869396	0.866964	0.791371	0.76858	0.575973	0.608582	0.551361	0.195509	0.057068	0.199995	0.322011	0.471272	
1.18288	0.362786	0.72028	0.715582	0.781193	0.686557	0.340584	0.88761	0.118598	0.412189	0.338663	0.14464	0.713181	0.333653	0.367333	0.23654	0.25916	0.242723	1.0247	1.0249	0.928983	0.901536	0.698945	0.739129	0.690329	0.35249	0.117665	0.356592	0.315265	0.595952	
1.13422	0.360012	0.479155	0.633686	0.802592	0.496948	0.354725	0.839816	0.164389	0.270996	0.173078	0.176145	0.490635	0.527165	0.283732	0.0747516	0.0412393	0.304219	0.976965	1.01973	0.803915	0.764315	0.857953	0.606731	0.814586	0.396263	0.248947	0.441066	0.0453076	0.464818	
0.558958	0.37277	0.384259	0.0983656	0.399378	0.203962	0.399082	0.293468	0.685583	0.329331	0.427168	0.727386	0.310437	0.6553	0.351037	0.554587	0.566762	0.491126	0.412544	0.508735	0.213079	0.186597	0.736738	0.0394119	0.630316	0.417092	0.601517	0.46433	0.567478	0.132623	
