10	50
56.5113	34.9985
0.464171	90.7297
2.90122	87.1362
33.5521	109.14
55.0297	154.407
58.6992	12.9309
4.38494	53.579
88.4946	101.011
28.2064	135.071
67.3095	46.9321
7.80461
11.8571
15.9899
4.11515
4.93103
7.3173
5.59888
3.86383
7.02896
0.571283
15.5001
15.427
8.74125
11.3162
4.86099
2.52542
3.13726
10.2402
3.85755
1.78556
13.3411
11.9063
7.32035
16.0546
13.871
9.92969
10.7324
9.37315
3.06113
5.18565
8.87942
4.86677
13.2046
2.30326
3.21398
3.66087
10.9618
5.45723
6.39552
12.0354
10.5675
11.7817
13.2584
14.2702
6.30151
9.53112
8.15302
1.7367
14.3371
4.80649
0.98852	0.505584	0.164435	0.580315	0.569647	0.738794	0.556295	0.53543	0.673514	0.718989	0.827425	0.773255	0.460798	0.705689	0.374335	0.927377	0.517084	0.747578	0.30506	0.697453	0.475924	0.57825	0.498157	1.05423	0.866429	0.786826	0.973962	0.107686	0.892524	0.270071	0.659409	0.790931	0.768033	0.556631	0.686065	0.364114	0.533497	0.769994	0.558734	0.437523	1.17462	0.410097	0.275127	0.936471	0.706477	0.681324	0.982791	0.58627	0.0942881	0.794755	
0.587501	0.86442	0.78126	0.456746	0.419953	0.542249	0.459367	0.504399	0.331926	0.787468	0.189515	0.482514	0.740395	0.814978	0.587509	0.0678145	0.457353	0.397822	0.819257	0.249737	0.788342	0.453295	0.554676	0.202455	0.327858	0.363735	0.0850701	1.00242	0.429589	0.729771	0.778563	0.452745	0.213827	0.62037	0.308167	0.891392	0.485488	0.34225	0.602991	0.593742	0.230922	0.700777	0.782665	0.286792	0.241016	0.370022	0.593587	0.557424	0.850817	0.365382	
0.380622	0.28008	0.476452	0.175017	0.528155	0.810241	0.564956	0.159483	0.277501	0.217493	0.616041	0.186725	0.754703	0.235301	0.309944	0.627681	0.257668	0.708377	0.706375	0.464413	0.803425	0.58609	0.149551	0.593504	0.754853	0.716089	0.67141	0.604204	0.317833	0.342487	0.920172	0.784979	0.56135	0.0539908	0.553938	0.359576	0.568685	0.684233	0.0520452	0.195713	0.798214	0.679274	0.340615	0.424202	0.46973	0.61799	0.374258	0.699623	0.548667	0.267639	
0.21229	0.393396	0.667272	0.318409	0.673688	0.948965	0.715704	0.326917	0.368387	0.191641	0.699053	0.147218	0.931598	0.225459	0.495749	0.674412	0.416507	0.831026	0.893728	0.567438	0.981737	0.733862	0.33328	0.55972	0.852952	0.829746	0.710913	0.783493	0.231589	0.532214	1.08562	0.908434	0.654685	0.241909	0.672131	0.51156	0.724086	0.797378	0.242964	0.385011	0.789562	0.857574	0.524158	0.381224	0.570223	0.745268	0.203643	0.855198	0.738912	0.263355	
0.762909	0.929487	0.745391	0.524908	0.330787	0.360487	0.354445	0.562657	0.415463	0.900739	0.0798292	0.619997	0.607657	0.923871	0.585302	0.131673	0.486261	0.224815	0.715954	0.238885	0.650077	0.338774	0.607482	0.400642	0.130027	0.182463	0.141435	0.974154	0.597332	0.729888	0.607946	0.264101	0.142423	0.699724	0.212523	0.925122	0.380681	0.171324	0.682112	0.629543	0.342627	0.584584	0.793087	0.470703	0.231321	0.235175	0.767713	0.41163	0.804583	0.508956	
0.233878	0.692836	0.806328	0.384248	0.609593	0.831482	0.657321	0.430169	0.310872	0.531659	0.501233	0.234499	0.931199	0.564685	0.595829	0.421378	0.458616	0.690058	0.952817	0.437336	0.983545	0.664896	0.472413	0.22663	0.66106	0.670365	0.442388	0.986169	0.111392	0.700789	1.03133	0.760542	0.484105	0.46442	0.54688	0.775352	0.676729	0.641121	0.452222	0.531796	0.463369	0.869795	0.725565	0.0732409	0.43438	0.626323	0.241307	0.790823	0.883705	0.170035	
0.995444	0.591363	0.158148	0.559296	0.461243	0.598261	0.439233	0.522575	0.629924	0.7773	0.725834	0.771169	0.311343	0.769964	0.344222	0.836818	0.477496	0.621304	0.156087	0.612668	0.326619	0.458485	0.496841	0.994723	0.744918	0.663142	0.881404	0.256933	0.878681	0.297572	0.509789	0.657617	0.670272	0.58159	0.581453	0.46391	0.414197	0.649785	0.579092	0.439454	1.08945	0.264133	0.335259	0.897812	0.621391	0.564053	0.991109	0.448107	0.106729	0.770276	
0.800015	1.01095	0.837282	0.602878	0.421987	0.418864	0.44387	0.643245	0.487677	0.969043	0.168425	0.677392	0.687935	0.993726	0.675151	0.153356	0.57138	0.296627	0.802575	0.324467	0.728093	0.427015	0.6896	0.397909	0.177801	0.250993	0.131725	1.06603	0.639169	0.820072	0.67028	0.318748	0.231427	0.776728	0.304342	1.01208	0.469793	0.248267	0.759043	0.714859	0.285921	0.669494	0.882498	0.500271	0.316342	0.321951	0.805791	0.490272	0.896395	0.562556	
1.04981	0.892217	0.501904	0.630157	0.288926	0.180355	0.241728	0.627991	0.612288	0.992469	0.472907	0.835988	0.141636	0.999935	0.500449	0.605158	0.532979	0.279258	0.300593	0.46135	0.163239	0.231386	0.639747	0.848074	0.401337	0.324418	0.634987	0.693099	0.890988	0.584988	0.138295	0.270579	0.447876	0.757669	0.360494	0.809654	0.227352	0.331577	0.745367	0.612867	0.844897	0.179128	0.653083	0.832614	0.465716	0.289517	1.04989	0.105783	0.515571	0.772237	
0.982314	0.50548	0.154153	0.571825	0.557674	0.726922	0.544211	0.527333	0.663933	0.716586	0.815669	0.766231	0.450013	0.703813	0.364787	0.91597	0.507466	0.735464	0.295032	0.686143	0.465798	0.566149	0.490691	1.04413	0.854335	0.774717	0.962503	0.117663	0.884858	0.26344	0.649065	0.778863	0.75636	0.551165	0.674201	0.365178	0.521395	0.757904	0.552928	0.430079	1.16346	0.398676	0.271334	0.927379	0.695162	0.669254	0.976678	0.574336	0.0826909	0.786353	
