10	30
29.6147	99.7247
170.64	126
82.8584	41.0557
159.937	102.042
45.5885	56.4687
49.4237	78.2987
69.0002	147.385
158.641	65.0308
72.7123	29.4286
159.307	33.8001
26.597
0.2834
19.3385
24.5372
0.284101
6.12958
1.14304
15.4588
2.95045
5.20583
1.21444
14.7136
17.8896
4.20724
23.6501
16.5471
8.86148
0.720917
15.6371
21.0726
3.65393
18.6276
5.78078
26.8601
27.1832
24.7781
4.82092
25.2777
20.0586
6.13441
0.807765	0.918076	0.600843	0.785337	0.163172	0.957208	0.823852	0.731891	0.944635	0.655737	0.356963	0.342921	0.528309	0.278819	0.650595	0.260329	0.924132	0.735673	0.266487	0.414429	0.82174	0.155123	0.781757	0.533585	0.261132	0.306465	0.859783	0.692262	0.996521	0.934682	
0.314548	0.321465	0.0587486	0.716477	0.599856	0.375275	0.257713	0.242085	0.402997	0.382034	0.437614	0.527549	0.117093	0.361827	0.17637	0.3785	0.358126	0.282542	0.724889	0.266079	0.618654	0.484992	0.702741	0.612103	0.378053	0.586422	0.266825	0.224842	0.489721	0.542906	
0.5376	0.685144	0.484416	0.946596	0.435748	0.863722	0.58454	0.682118	0.677158	0.702191	0.0545819	0.537012	0.425505	0.229256	0.592971	0.236217	0.842205	0.464592	0.575889	0.227098	0.926285	0.236641	0.938226	0.725836	0.279201	0.541879	0.755624	0.439116	0.956813	0.956718	
0.935815	0.895434	0.569909	0.104908	0.610329	0.580638	0.865011	0.426032	1.0047	0.240544	0.860005	0.422456	0.564292	0.66134	0.451233	0.656195	0.539634	0.903733	0.611098	0.719892	0.0766602	0.701937	0.0896022	0.258161	0.615006	0.473648	0.567208	0.844326	0.477792	0.309412	
0.943301	1.01011	0.640807	0.560646	0.138146	0.924728	0.929737	0.691214	1.06782	0.54588	0.579384	0.189604	0.576673	0.414714	0.631798	0.39485	0.8852	0.87836	0.0438457	0.558903	0.638417	0.339595	0.560955	0.311671	0.363291	0.11956	0.846675	0.823937	0.915327	0.808022	
0.976604	0.911429	0.625842	0.190346	0.742766	0.547404	0.895839	0.446684	1.02846	0.304455	0.961023	0.554498	0.634951	0.7686	0.495648	0.76585	0.510375	0.953873	0.747958	0.809312	0.0717069	0.821162	0.17945	0.395118	0.726584	0.60845	0.560035	0.89685	0.413852	0.232956	
0.671265	0.655513	0.300962	0.36236	0.465154	0.445776	0.609977	0.22208	0.753843	0.0687257	0.602146	0.299698	0.288724	0.414982	0.202142	0.414913	0.404374	0.633571	0.530771	0.450081	0.293258	0.485269	0.349323	0.28287	0.379116	0.369494	0.385421	0.573384	0.427994	0.347279	
0.580193	0.723358	0.50215	0.929666	0.397522	0.88301	0.623045	0.693027	0.719984	0.699158	0.0923933	0.510439	0.439364	0.21931	0.603643	0.222131	0.85963	0.50688	0.535063	0.247552	0.917357	0.202977	0.921926	0.702534	0.263169	0.510201	0.775541	0.478479	0.968983	0.959944	
0.893029	0.827372	0.545173	0.230798	0.707433	0.470114	0.811736	0.362612	0.944249	0.231354	0.8942	0.520536	0.557817	0.706597	0.41371	0.70547	0.431798	0.871328	0.728469	0.737676	0.069483	0.767993	0.216751	0.38401	0.667898	0.580148	0.477448	0.814738	0.347368	0.17123	
1.16111	1.1862	0.808822	0.391904	0.452884	0.98249	1.1235	0.77163	1.26833	0.576407	0.876424	0.366127	0.76268	0.687258	0.7463	0.670407	0.939989	1.10585	0.343825	0.815143	0.533572	0.643565	0.400818	0.267865	0.630344	0.340358	0.934463	1.04651	0.91616	0.762095	
