15	40
33.4302	142.273
72.0958	13.5462
12.2286	15.8009
76.7437	10.5378
73.1728	74.1438
0.989931	27.4633
5.65609	138.533
50.362	19.8761
89.6502	45.1178
77.1536	114.736
56.645	113.926
76.1459	50.5704
34.088	120.744
15.7327	151.304
40.5505	17.3284
16.6951
8.59516
1.77992
0.965354
20.4986
2.55558
22.0463
19.6278
19.3339
23.6845
9.72483
1.67285
10.2156
4.18082
19.5307
21.8306
18.4324
0.910182
14.7451
16.8643
10.2273
25.3312
13.0447
19.9026
26.6418
0.871731
18.3825
22.6422
0.626525
0.798774
14.8706
19.2664
19.7152
14.8738
12.1435
19.4591
2.90561
20.0903
6.90297
5.3642
0.515947	0.425209	0.587829	0.229052	0.336449	0.265919	0.549213	0.114326	0.201928	0.507585	0.221271	0.346265	0.325529	0.619206	0.360741	0.326527	0.266572	0.40856	0.034044	0.543957	0.346489	0.408533	0.498428	0.289461	0.561704	0.699864	0.264691	0.763524	0.700297	0.510813	0.267943	0.594334	0.448463	0.189906	0.462077	0.503674	0.552593	0.754194	0.717624	0.357525	
0.6207	0.12363	0.168666	0.191406	0.302562	0.170469	0.75434	0.307583	0.570453	0.469261	0.410032	0.279624	0.352652	0.683704	0.430712	0.165239	0.159139	0.322038	0.453268	0.313435	0.535488	0.566893	0.855435	0.700079	0.96259	0.317893	0.219907	0.715666	0.312361	0.431051	0.413623	0.438242	0.131311	0.230304	0.590815	0.136683	0.814834	0.355666	0.784268	0.434242	
1.03697	0.885145	0.950423	0.68043	0.534403	0.734691	0.147329	0.580416	0.643064	0.498955	0.40993	0.560664	0.480263	0.376503	0.896384	0.654842	0.673745	0.934042	0.516317	0.70792	0.862426	0.277818	0.185888	0.571322	0.379156	0.959515	0.597381	0.583109	0.969111	0.546108	0.403734	0.64611	0.756138	0.636934	0.291949	0.816685	0.0396728	1.02971	0.407556	0.408176	
0.486884	0.127319	0.313526	0.0878602	0.321687	0.0344736	0.732445	0.200232	0.424692	0.517523	0.362479	0.307771	0.357378	0.709443	0.291799	0.196187	0.114209	0.215393	0.332315	0.420079	0.38616	0.551375	0.775041	0.56266	0.858328	0.469647	0.204515	0.781813	0.4646	0.491252	0.383326	0.527481	0.251277	0.131861	0.587911	0.280153	0.773404	0.507936	0.813468	0.434253	
0.934661	0.623813	0.631542	0.452503	0.224679	0.505101	0.242559	0.403439	0.623111	0.150973	0.215028	0.247849	0.177579	0.186976	0.754348	0.364022	0.419706	0.737584	0.438873	0.358256	0.774433	0.0799571	0.477838	0.639356	0.655617	0.613494	0.329369	0.339972	0.624258	0.195135	0.171174	0.297859	0.436219	0.42089	0.0671671	0.491612	0.332939	0.684288	0.289704	0.0982115	
0.955202	0.913293	1.02339	0.703747	0.62874	0.75318	0.348425	0.587592	0.547967	0.650787	0.469774	0.653975	0.578199	0.570531	0.846385	0.72245	0.714498	0.915071	0.478464	0.832325	0.783495	0.420212	0.0230979	0.435991	0.172316	1.06858	0.656407	0.777975	1.0756	0.691497	0.484523	0.796267	0.839334	0.658454	0.454519	0.901751	0.246909	1.13605	0.612327	0.524341	
0.834183	0.779204	0.896551	0.56997	0.514235	0.618722	0.33693	0.452935	0.429281	0.566465	0.348365	0.538383	0.466838	0.530885	0.716031	0.596992	0.583122	0.780567	0.344005	0.726769	0.660614	0.344026	0.126212	0.340063	0.241529	0.953126	0.529671	0.732849	0.959069	0.60141	0.370126	0.706576	0.716953	0.524742	0.389732	0.779282	0.26778	1.01899	0.593343	0.42416	
0.581497	0.236189	0.348733	0.0577333	0.196169	0.104061	0.604951	0.129716	0.419559	0.395442	0.239539	0.186216	0.22781	0.580198	0.386967	0.0982609	0.0261265	0.339624	0.276201	0.337882	0.452425	0.42208	0.673695	0.532101	0.777618	0.457586	0.0765369	0.662767	0.457254	0.374613	0.255376	0.425811	0.207946	0.0606195	0.457584	0.260332	0.651548	0.510377	0.684367	0.303834	
0.885099	0.584695	0.606393	0.407399	0.191661	0.460711	0.264335	0.354323	0.574962	0.170138	0.165257	0.216624	0.14027	0.236559	0.70548	0.328126	0.377483	0.691644	0.390009	0.352932	0.724629	0.0797113	0.464927	0.596068	0.63531	0.603149	0.287964	0.38531	0.61284	0.20577	0.121494	0.31102	0.410335	0.374297	0.0994551	0.468235	0.34268	0.673398	0.338799	0.0587023	
0.86	0.345914	0.148019	0.411972	0.373612	0.407267	0.80296	0.509362	0.796889	0.443197	0.535475	0.348029	0.425856	0.66381	0.673282	0.300305	0.360704	0.554725	0.654015	0.215773	0.779589	0.625209	0.982956	0.912127	1.12069	0.0773032	0.368058	0.622346	0.0776259	0.392399	0.517337	0.339373	0.175349	0.439126	0.627275	0.120538	0.888268	0.135545	0.749503	0.492851	
0.844136	0.330331	0.104024	0.440092	0.444368	0.424535	0.883688	0.548044	0.823582	0.528741	0.598971	0.418221	0.497924	0.750228	0.665448	0.351981	0.395798	0.535857	0.694758	0.302638	0.78073	0.703224	1.05017	0.948436	1.18001	0.0989791	0.420614	0.708908	0.0841888	0.478307	0.585451	0.426775	0.229511	0.473474	0.70836	0.167249	0.965823	0.104955	0.836712	0.569003	
0.0618175	0.491112	0.718341	0.478556	0.720244	0.45065	1.00437	0.478313	0.345934	0.91781	0.665284	0.716517	0.734219	1.06568	0.15849	0.628782	0.535904	0.28993	0.466712	0.865112	0.112965	0.86219	0.892618	0.482	0.875797	0.901549	0.605684	1.18544	0.893417	0.904813	0.707652	0.961064	0.700215	0.486744	0.913818	0.724593	0.99731	0.926252	1.16706	0.789798	
0.722507	0.232401	0.171759	0.244338	0.245603	0.245969	0.699572	0.340649	0.628345	0.381618	0.38815	0.219637	0.299631	0.602453	0.529443	0.138034	0.191724	0.429034	0.48602	0.205622	0.625094	0.513487	0.840401	0.743377	0.966326	0.246334	0.206641	0.61576	0.245863	0.338586	0.379163	0.333498	0.0274595	0.270081	0.528482	0.04907	0.771765	0.299854	0.699669	0.377494	
1.04055	0.617708	0.534075	0.517389	0.274143	0.556386	0.455975	0.526397	0.801902	0.104497	0.394555	0.275902	0.27497	0.262995	0.846604	0.375477	0.464164	0.786448	0.615718	0.205438	0.901866	0.329881	0.72716	0.85126	0.905668	0.444252	0.386872	0.218929	0.458895	0.0900347	0.348793	0.0783199	0.370268	0.505676	0.298225	0.401358	0.562466	0.512673	0.336416	0.262883	
1.15565	0.717382	0.607075	0.631684	0.392057	0.668327	0.515386	0.644618	0.919649	0.21526	0.509919	0.392576	0.393058	0.294271	0.960973	0.486327	0.576992	0.894857	0.733118	0.285073	1.01925	0.421402	0.811061	0.965167	0.996068	0.484148	0.502821	0.155293	0.500392	0.208441	0.463404	0.156525	0.464096	0.62203	0.37999	0.484794	0.626957	0.54658	0.33434	0.37512	
