15	30
34.9243	112.755
170.051	37.4148
144.612	120.989
30.9004	92.1514
11.0904	34.6535
17.9608	153.332
36.0892	126.37
83.7451	105.593
28.4575	94.5786
88.1611	83.0032
54.4732	122.191
39.0833	85.7374
123.784	132.691
15.186	14.1252
98.2677	11.6113
37.7237
5.5807
24.4833
30.5228
20.2745
35.4633
34.5725
14.5553
35.4822
21.1031
15.3071
25.349
35.955
38.2584
4.5542
31.7349
20.725
11.0778
21.4246
21.5562
3.0795
22.5122
21.929
18.436
28.8153
33.8925
14.6164
8.45704
21.168
4.98859
0.200824	0.255394	0.776388	0.219908	0.614408	0.521139	0.306542	0.976234	0.568751	0.209291	0.459064	0.205743	0.0680933	0.529157	0.353302	0.462657	0.306979	0.669213	0.46616	0.815011	0.31431	0.52431	0.413874	0.654669	0.713125	0.798886	0.0462097	0.257219	0.561709	0.489873	
0.355188	0.416849	0.947961	0.0882989	0.807886	0.633749	0.41386	1.169	0.72899	0.261012	0.574171	0.0209401	0.203962	0.729019	0.488811	0.567586	0.365782	0.83304	0.666611	1.00311	0.361962	0.711117	0.596926	0.854291	0.892698	0.969062	0.227316	0.238154	0.705274	0.605495	
0.49396	0.300922	1.04131	0.365725	0.709087	0.399461	0.600306	1.04951	0.848474	0.103151	0.3491	0.300952	0.230628	0.675728	0.647035	0.332159	0.587842	0.944043	0.665084	0.872576	0.590985	0.596186	0.675282	0.850238	0.743299	1.065	0.340946	0.0433644	0.85051	0.377294	
0.333676	0.64386	0.328149	0.616663	0.68848	0.912738	0.259537	0.968097	0.12046	0.730668	0.860539	0.659922	0.595606	0.552935	0.183461	0.879705	0.335504	0.204462	0.421061	0.877833	0.349945	0.684334	0.23815	0.485468	0.854698	0.34185	0.488515	0.790669	0.0447755	0.883099	
0.175605	0.536999	0.543032	0.395225	0.719074	0.821548	0.0500451	1.04849	0.317547	0.56507	0.762735	0.443909	0.423748	0.590066	0.0899864	0.775324	0.1099	0.418927	0.466412	0.925774	0.125693	0.678078	0.290994	0.600102	0.8689	0.559692	0.311463	0.610246	0.267498	0.790028	
0.138641	0.472595	0.661241	0.26151	0.73055	0.75495	0.097585	1.07872	0.435008	0.458628	0.693794	0.31043	0.318925	0.61255	0.186945	0.701853	0.0560674	0.539146	0.503812	0.939938	0.0668112	0.669757	0.35904	0.664139	0.864911	0.679644	0.211715	0.493193	0.39532	0.723195	
0.725982	0.606696	0.59838	0.999936	0.198463	0.645093	0.804706	0.229626	0.632904	0.816429	0.642694	0.99029	0.784888	0.257055	0.734541	0.673661	0.892654	0.6247	0.359063	0.18684	0.911801	0.313746	0.535985	0.25971	0.273607	0.616422	0.770945	0.901852	0.711635	0.637089	
0.433921	0.712094	0.90947	0.288494	1.02233	0.97393	0.370669	1.37485	0.687836	0.618436	0.912007	0.353881	0.508735	0.908687	0.459105	0.912056	0.275913	0.785007	0.802187	1.23124	0.256669	0.952502	0.651273	0.959841	1.14736	0.923944	0.440261	0.611514	0.626716	0.943289	
0.30122	0.587361	0.808311	0.211581	0.888845	0.856656	0.250841	1.24165	0.582813	0.515012	0.794567	0.278731	0.393135	0.77559	0.342354	0.797003	0.157398	0.684091	0.670812	1.09778	0.139923	0.819776	0.526346	0.832513	1.01481	0.824741	0.313408	0.52215	0.530263	0.8255	
0.281853	0.637385	0.64289	0.385077	0.852094	0.921471	0.162338	1.18393	0.425206	0.62731	0.860826	0.446297	0.488593	0.724426	0.224676	0.870022	0.114213	0.518847	0.601775	1.05962	0.108185	0.806156	0.4256	0.733425	0.998817	0.656526	0.381911	0.656788	0.359528	0.889711	
0.656772	0.314199	1.09385	0.63761	0.593621	0.154679	0.781993	0.877639	0.94294	0.303986	0.145893	0.578606	0.428696	0.618505	0.799483	0.114855	0.799279	1.0217	0.665781	0.700994	0.80774	0.48206	0.752748	0.820739	0.562365	1.11849	0.531499	0.326909	0.969327	0.153085	
0.266966	0.0975492	0.7111	0.416496	0.42199	0.380564	0.394911	0.783193	0.539307	0.240692	0.322472	0.394821	0.183756	0.352041	0.39616	0.337224	0.437521	0.62507	0.322964	0.619175	0.451159	0.327766	0.352427	0.510198	0.516305	0.735378	0.201718	0.32499	0.561081	0.349132	
0.284272	0.214424	0.577664	0.530379	0.312151	0.446918	0.395378	0.670015	0.433459	0.394143	0.400059	0.522275	0.325179	0.212902	0.360911	0.423385	0.465435	0.50553	0.169577	0.520621	0.482815	0.249082	0.243367	0.356519	0.443411	0.602274	0.301449	0.478737	0.473406	0.418951	
0.401122	0.268732	0.581201	0.646407	0.192333	0.426476	0.505666	0.550818	0.480226	0.472916	0.393073	0.634067	0.428603	0.107557	0.460065	0.421329	0.580775	0.532641	0.146626	0.401138	0.598643	0.143939	0.30402	0.294452	0.331305	0.605584	0.418323	0.559175	0.535089	0.403775	
0.725304	0.388783	1.16981	0.683139	0.660922	0.209711	0.849163	0.930967	1.01801	0.355995	0.21552	0.621151	0.488411	0.691627	0.870119	0.185056	0.861976	1.09738	0.74142	0.756353	0.869514	0.551255	0.828026	0.894603	0.617678	1.19445	0.594783	0.363416	1.04325	0.216399	
