10	40
173.329	50.1907
89.1831	10.7747
89.9778	102.781
88.4533	109.358
96.6026	118.433
156.858	130.764
107.017	51.4598
147.268	40.04
87.7094	28.2541
51.6901	22.5138
3.49104
5.88544
10.3069
6.2912
7.44124
6.57789
2.07895
10.477
7.10955
7.87184
0.186227
0.859257
8.42578
8.32657
2.20549
8.02796
9.52995
2.73535
8.59475
3.95041
0.986096
4.59411
4.27887
8.4883
1.77162
1.2836
6.52695
5.48444
7.96496
2.3053
2.60549
1.318
7.50203
3.17818
1.2136
10.1794
2.59691
10.6292
8.6033
9.63982
0.455541	1.16268	0.79699	0.455343	0.396719	0.773375	0.63189	0.265242	0.740457	0.204134	0.629507	0.706486	1.01242	0.318157	0.193932	0.532397	0.150249	0.515709	0.692185	0.770145	0.870697	0.520616	0.603005	0.707659	0.312599	0.449146	0.851136	0.350288	0.920165	0.644152	0.99889	0.0622512	0.437234	0.762105	0.638954	0.654674	0.386599	0.695526	0.905952	0.582808	
0.740321	0.546718	0.140957	0.324997	0.394999	0.281282	0.681783	0.513084	0.0459294	0.547655	0.387897	0.807436	0.596137	0.413124	0.81799	0.227481	0.767145	0.246268	0.267324	0.48811	0.173837	0.193577	0.410162	0.0822402	0.657654	0.321878	0.429153	0.425316	0.525435	0.603911	0.397281	0.752398	0.271883	0.136538	0.14628	0.0471987	0.343928	0.138625	0.724165	0.782025	
0.8101	0.937409	0.399259	0.123426	0.138814	0.640705	0.860885	0.510254	0.432962	0.499587	0.648093	0.979987	0.959254	0.4276	0.710021	0.437508	0.658354	0.440436	0.205618	0.79105	0.527903	0.238978	0.649938	0.339647	0.674019	0.457107	0.781118	0.181636	0.876951	0.813204	0.789493	0.589895	0.358093	0.35664	0.46249	0.382041	0.197266	0.289835	1.01345	0.902917	
0.118984	0.909957	0.847162	0.712801	0.709407	0.563395	0.108066	0.344941	0.726721	0.386459	0.35731	0.161706	0.628355	0.408083	0.462266	0.483084	0.451944	0.466543	0.883261	0.399097	0.831927	0.65425	0.322564	0.771128	0.234382	0.405719	0.537021	0.68352	0.553106	0.179866	0.772791	0.543381	0.498414	0.835614	0.566435	0.662342	0.637905	0.801741	0.410685	0.0756838	
0.953028	0.892571	0.326484	0.266494	0.309678	0.6625	0.972946	0.659737	0.411271	0.658476	0.722391	1.09671	0.979646	0.566764	0.883536	0.514024	0.831286	0.523252	0.117281	0.849958	0.466069	0.313406	0.732649	0.306992	0.825858	0.562668	0.809989	0.355292	0.906856	0.913323	0.762464	0.766838	0.465189	0.289405	0.49959	0.395074	0.347341	0.247375	1.08293	1.03417	
0.537666	0.499254	0.416384	0.483307	0.529454	0.107677	0.422032	0.417935	0.285531	0.474158	0.117066	0.543478	0.377624	0.353865	0.726068	0.167361	0.683917	0.174787	0.533252	0.208082	0.368049	0.353634	0.149449	0.36433	0.505656	0.22312	0.19854	0.536612	0.289307	0.3358	0.33927	0.710679	0.275486	0.419668	0.143808	0.254235	0.451154	0.414602	0.44324	0.544407	
0.831462	0.209667	0.612094	0.836791	0.894352	0.298515	0.63643	0.794662	0.511708	0.853721	0.433237	0.717503	0.140421	0.740235	1.08871	0.548232	1.05183	0.559181	0.80553	0.331499	0.485139	0.697068	0.465897	0.615984	0.84892	0.61035	0.207653	0.90929	0.179663	0.550608	0.184095	1.09066	0.657852	0.640454	0.474707	0.545869	0.821681	0.675599	0.434624	0.784419	
0.434356	0.825643	0.967896	0.946729	0.962189	0.596138	0.234295	0.636722	0.836945	0.688311	0.448082	0.183274	0.482536	0.669885	0.783234	0.650448	0.774637	0.641165	1.06597	0.365864	0.906178	0.852433	0.4327	0.912438	0.555118	0.612545	0.492225	0.946202	0.44883	0.256949	0.733632	0.865144	0.711841	0.970259	0.688875	0.799751	0.883041	0.958191	0.185581	0.314566	
0.554726	0.500891	0.383793	0.455442	0.50397	0.10992	0.44931	0.416274	0.253227	0.470503	0.144882	0.571995	0.402352	0.345408	0.727735	0.145995	0.684088	0.156434	0.499677	0.241705	0.340618	0.323557	0.174438	0.330579	0.514062	0.214356	0.22256	0.513189	0.316004	0.364666	0.338461	0.705676	0.255578	0.386293	0.110129	0.220389	0.426837	0.380754	0.477039	0.567761	
0.636882	0.946329	0.477707	0.107505	0.0458621	0.596952	0.712984	0.336171	0.459093	0.318561	0.546979	0.82592	0.900015	0.267624	0.528154	0.355096	0.475975	0.34984	0.342095	0.698669	0.579761	0.219782	0.539547	0.395179	0.495864	0.336043	0.720698	0.0142216	0.81101	0.677888	0.786706	0.414409	0.250283	0.437987	0.422151	0.383109	0.0738885	0.367284	0.902999	0.737671	
