10	40
128.138	86.9058
54.6672	96.7522
124.131	29.6772
26.0915	28.0777
174.596	67.6955
77.4089	141.697
20.0657	60.1305
60.7414	152.159
93.0801	158.38
145.83	156.874
9.64754
12.2836
12.789
11.2286
10.9255
5.29234
2.61814
10.3476
7.51785
1.02938
8.25953
11.1031
14.0713
4.26944
12.9917
6.95497
0.966752
12.2633
0.824777
10.7422
14.8433
1.30908
14.2309
5.09516
7.32394
12.1815
1.03332
10.9764
4.64002
5.87318
14.9831
2.43699
4.0079
7.1351
14.2089
10.5971
7.00726
11.1473
4.31047
6.64893
0.127104	0.676518	0.598347	0.132548	0.458	0.716099	0.601551	0.712787	0.653832	0.590314	0.488236	0.973311	0.299099	0.740121	0.475726	0.462431	0.558051	0.0410004	0.217924	0.219346	0.881644	0.486995	0.533179	0.844266	0.95059	0.336602	0.509016	0.390705	0.805061	0.640149	0.348798	0.422492	0.0866891	0.802767	0.617801	0.682495	0.633423	0.783661	0.824423	0.182857	
0.854221	0.901075	0.666136	0.98694	0.921963	0.292278	0.494454	0.699669	0.553597	0.483515	0.992943	0.188076	0.895366	0.854396	0.550101	0.714719	0.923814	0.933099	0.75398	0.850951	0.100921	0.95931	0.652603	0.256843	0.809405	0.699049	0.875468	1.03924	0.296989	0.379487	0.773033	0.764809	0.886423	0.802586	1.14582	0.320498	1.06466	0.658566	0.162674	0.980056	
0.444254	0.351561	0.466512	0.335788	0.180582	0.935276	0.606291	0.517662	0.579274	0.896008	0.121841	1.01508	0.238675	0.442333	0.556988	0.382676	0.232767	0.457628	0.514613	0.657839	1.03613	0.154618	0.452539	1.07645	0.684599	0.434546	0.245329	0.0825034	1.05195	0.89113	0.338701	0.33207	0.49517	0.534477	0.152279	0.777409	0.202711	0.602107	0.996231	0.286709	
0.682756	0.589191	0.365167	0.786009	0.641921	0.373738	0.225091	0.383381	0.248863	0.525068	0.708959	0.193168	0.652582	0.53784	0.334934	0.444573	0.626476	0.768622	0.601285	0.758309	0.310073	0.674498	0.36968	0.45528	0.504814	0.485248	0.585633	0.776229	0.468133	0.422516	0.530402	0.499963	0.734388	0.485317	0.850108	0.163696	0.762389	0.34159	0.314491	0.765221	
0.435576	0.194326	0.29727	0.383046	0.0495348	0.816043	0.453287	0.342511	0.41261	0.807983	0.0533738	0.852583	0.208683	0.279844	0.430222	0.239147	0.0649564	0.480133	0.472638	0.650863	0.895403	0.0233931	0.295286	0.955251	0.521023	0.342686	0.0740552	0.171086	0.936142	0.784244	0.243568	0.201865	0.500697	0.367718	0.202069	0.633527	0.150977	0.427039	0.861183	0.331152	
0.0452484	0.565164	0.44493	0.18471	0.373177	0.572129	0.430443	0.563998	0.488173	0.476847	0.424718	0.803402	0.221161	0.614911	0.303608	0.313968	0.463065	0.131141	0.0717951	0.229335	0.725358	0.411707	0.375733	0.70739	0.806683	0.169898	0.404205	0.367004	0.67232	0.504461	0.210151	0.285828	0.106342	0.665581	0.581625	0.513649	0.569109	0.628714	0.670723	0.198249	
0.346795	0.927525	0.782385	0.445831	0.733051	0.631054	0.709852	0.903775	0.794919	0.450219	0.778077	0.983986	0.575029	0.972888	0.579275	0.663397	0.825592	0.320531	0.333292	0.135033	0.821173	0.769286	0.710152	0.72425	1.14751	0.504815	0.767275	0.697122	0.677982	0.543498	0.570258	0.644307	0.284936	1.01539	0.922974	0.707411	0.924438	0.956915	0.759168	0.491722	
0.221631	0.773391	0.61578	0.357332	0.593295	0.510323	0.54124	0.73705	0.625734	0.354042	0.646203	0.834526	0.442572	0.812915	0.410218	0.501129	0.679761	0.236386	0.174244	0.0598232	0.693665	0.632636	0.543477	0.623338	0.980334	0.341488	0.618756	0.583271	0.580136	0.425779	0.416018	0.487305	0.183433	0.850946	0.802077	0.550487	0.790288	0.788432	0.632542	0.392193	
0.180753	0.551973	0.524556	0.031094	0.324928	0.780339	0.576128	0.626863	0.603656	0.686335	0.34163	0.977922	0.182549	0.625603	0.468919	0.390438	0.426102	0.157316	0.281704	0.366617	0.925472	0.346438	0.470362	0.917047	0.852002	0.315054	0.386817	0.233548	0.882716	0.714815	0.279237	0.339229	0.205443	0.699055	0.459561	0.696378	0.483062	0.705465	0.873318	0.0389441	
0.248966	0.555255	0.358385	0.382212	0.432477	0.38075	0.267541	0.47697	0.353184	0.331847	0.501218	0.602868	0.332469	0.575232	0.136399	0.270074	0.492158	0.331177	0.155398	0.320537	0.522236	0.476077	0.28789	0.52056	0.716544	0.135825	0.428164	0.492682	0.490723	0.32557	0.236036	0.281345	0.290466	0.597782	0.67015	0.31159	0.6267	0.520239	0.46939	0.381438	
