15	30
175.053	61.8346
26.6579	123.378
87.7701	101.033
81.4441	54.9281
102.592	147.83
60.6057	107.402
14.3952	12.1537
110.889	57.6511
123.462	97.9013
37.0133	78.9731
179.912	61.1386
173.623	136.207
44.5841	10.1167
13.4309	110.748
41.5726	83.7881
24.659
10.7658
16.129
18.0174
19.9178
8.33158
20.7208
24.5067
7.34734
12.4862
12.8229
17.3347
22.1086
15.1628
11.3088
17.6913
6.96702
4.72548
6.84358
15.2512
2.92811
0.913479
22.9677
21.9515
16.3109
12.7583
14.7062
6.23454
19.7183
3.44059
0.0734914	0.068714	0.392596	0.501249	0.63797	0.647092	0.453609	0.825388	0.603168	0.575751	0.353452	0.10176	0.174509	0.820024	0.0355222	0.679025	0.472931	0.311331	0.453644	0.728946	0.381504	0.672525	0.237719	0.283186	0.548906	0.265816	0.823537	0.377263	0.496979	0.931398	
0.621711	0.624514	0.389082	0.191349	0.108036	0.656687	0.948131	0.135994	1.00255	0.268284	0.342366	0.779107	0.544193	0.582681	0.667773	0.861916	0.408487	0.456098	0.867651	0.675022	0.490226	1.00991	0.680128	0.90862	0.23544	0.893186	0.430615	0.573503	0.658754	0.715119	
0.224493	0.252026	0.274199	0.484017	0.571625	0.83524	0.709459	0.773009	0.857604	0.644503	0.34218	0.342176	0.332124	0.959668	0.224788	0.908657	0.598428	0.202008	0.705769	0.909599	0.541187	0.923625	0.475247	0.527161	0.449649	0.510542	0.915898	0.570205	0.704682	1.0861	
0.778491	0.765312	0.711937	0.482683	0.529987	0.384106	0.857514	0.48331	0.834691	0.277617	0.586406	0.874249	0.653471	0.180018	0.819824	0.605065	0.356246	0.740402	0.752094	0.348306	0.459826	0.801619	0.681478	0.923628	0.6263	0.913784	0.00551176	0.506999	0.492198	0.291333	
0.922398	0.904628	0.908511	0.688268	0.748881	0.377249	0.884376	0.699698	0.819069	0.470694	0.772831	0.987322	0.792722	0.140676	0.958873	0.557031	0.495961	0.926024	0.776143	0.302657	0.57806	0.763427	0.773734	0.997975	0.839335	0.991475	0.226027	0.597346	0.530437	0.110043	
0.339872	0.339848	0.221811	0.100432	0.255496	0.524297	0.685769	0.422582	0.766188	0.222875	0.0862387	0.492201	0.257298	0.569364	0.3862	0.684306	0.2396	0.240093	0.6187	0.57617	0.262778	0.791918	0.406146	0.624221	0.228753	0.608377	0.495246	0.341289	0.460862	0.704765	
0.637675	0.610275	0.846191	0.754467	0.90177	0.271842	0.298429	0.993959	0.192456	0.611503	0.709522	0.584303	0.54405	0.514926	0.646013	0.0821947	0.468246	0.80419	0.208031	0.327318	0.411913	0.146222	0.388067	0.489305	0.903414	0.492084	0.655987	0.336397	0.218191	0.537228	
0.545892	0.536788	0.460365	0.237969	0.326352	0.39167	0.739066	0.372982	0.766121	0.027298	0.333467	0.664966	0.429537	0.345517	0.589933	0.601393	0.175886	0.487327	0.646019	0.411255	0.281949	0.761916	0.50478	0.750025	0.394272	0.737245	0.248043	0.356284	0.411151	0.483029	
0.692185	0.6766	0.667271	0.452262	0.532263	0.274772	0.742917	0.528845	0.72119	0.231742	0.530565	0.775164	0.564037	0.131718	0.731254	0.49826	0.2634	0.683759	0.637324	0.251554	0.359046	0.690914	0.575028	0.814489	0.608872	0.805266	0.113943	0.39846	0.377405	0.268673	
0.278873	0.27902	0.205436	0.156802	0.306726	0.528126	0.642503	0.481326	0.732723	0.267902	0.0579842	0.432416	0.20052	0.598907	0.3252	0.671334	0.250506	0.202599	0.581793	0.587069	0.246993	0.764665	0.359514	0.569166	0.258513	0.553012	0.539749	0.318246	0.44663	0.7318	
0.74595	0.721923	0.851333	0.68758	0.807066	0.119649	0.567246	0.842896	0.481297	0.486647	0.70363	0.75636	0.623114	0.248221	0.770647	0.215455	0.399706	0.836785	0.46204	0.0747236	0.416467	0.421698	0.534055	0.718165	0.85048	0.715648	0.419073	0.386593	0.264728	0.248341	
0.725403	0.70295	0.802679	0.626352	0.739057	0.104747	0.603905	0.766789	0.535846	0.418405	0.655325	0.753914	0.598571	0.174174	0.754005	0.279384	0.348372	0.794777	0.496198	0.0200056	0.383674	0.4847	0.531984	0.735308	0.789583	0.730953	0.340152	0.369419	0.267094	0.206133	
0.651758	0.626458	0.792016	0.65476	0.788721	0.0949877	0.45008	0.852628	0.375703	0.476805	0.646013	0.647424	0.534802	0.329522	0.67252	0.12967	0.358174	0.767401	0.344114	0.142229	0.344842	0.328508	0.426812	0.600816	0.814214	0.598764	0.476672	0.297149	0.162964	0.359923	
0.704131	0.682456	0.769842	0.589631	0.70061	0.103914	0.611001	0.727813	0.553096	0.380098	0.622871	0.740788	0.576055	0.150672	0.734369	0.304289	0.315988	0.764416	0.502759	0.0434506	0.359028	0.507181	0.520248	0.731741	0.752812	0.726491	0.306643	0.352248	0.261782	0.209207	
0.622956	0.600202	0.715743	0.555678	0.681063	0.0274355	0.523523	0.733849	0.478279	0.363496	0.568037	0.651224	0.496925	0.231723	0.650967	0.25119	0.264656	0.702161	0.415239	0.0857623	0.284602	0.442747	0.429753	0.639421	0.717973	0.634145	0.359278	0.266106	0.169479	0.301319	
