10	50
42.5241	89.983
8.908	98.0283
36.1044	88.434
10.0714	47.1036
10.6106	121.013
59.8255	150.178
82.0366	38.6542
19.5649	151.763
32.2934	46.417
78.5362	73.9816
7.02697
7.23932
0.286247
0.502906
10.3807
1.61717
9.44223
3.10644
12.0554
2.90071
12.7962
1.83808
5.29658
4.27205
5.121
8.56085
11.6177
6.42569
11.989
1.41413
7.19585
10.5181
4.38688
8.56534
8.00973
12.5952
6.66598
2.16172
2.92576
1.63385
11.7587
5.67874
2.04393
2.87322
5.19765
0.585751
10.4991
1.46414
9.93318
8.22292
11.2066
4.0796
5.455
4.34121
8.00233
4.8604
5.19075
8.69892
2.37357
0.838503
0.384429	0.598354	0.592515	0.744563	0.847886	0.668678	0.423254	0.533568	0.820947	0.370926	0.853177	1.03601	0.769487	0.230471	0.992781	0.615881	0.38989	0.365657	0.984746	0.914302	0.834043	0.263324	0.0848902	0.316136	0.932913	0.305768	0.564852	0.527413	0.479608	0.550481	0.614193	0.869358	0.82984	0.531	0.51139	0.227285	0.31395	0.754076	0.690567	0.841883	0.539694	0.970189	0.970098	0.966693	0.673111	0.673331	0.339215	0.0613651	0.0956167	1.02923	
0.670608	0.825595	0.67809	0.421468	0.32152	0.344496	0.535058	0.704625	0.704393	0.631181	0.379305	0.429934	0.343119	0.934261	0.169784	0.927281	0.997141	0.596269	0.600795	0.206563	0.339916	0.749157	0.89127	0.852796	0.313924	0.755083	0.593582	0.472641	0.75801	0.428929	0.910243	0.351624	0.56039	0.529939	0.736778	0.771248	0.730673	0.626315	0.354867	0.305364	1.1001	0.56282	0.0744921	0.179725	0.319094	0.427373	0.723747	0.938115	0.859103	0.528965	
0.151149	0.388857	0.265845	0.516903	0.553974	0.191406	0.198951	0.250812	0.450265	0.32289	0.373623	0.557417	0.286259	0.55884	0.520587	0.478831	0.687221	0.232513	0.543222	0.436866	0.551249	0.238472	0.405422	0.532293	0.625	0.426019	0.173562	0.306735	0.274552	0.0937229	0.464414	0.387457	0.39446	0.386224	0.559828	0.267332	0.40326	0.357548	0.20805	0.358565	0.601552	0.520139	0.515668	0.492464	0.205325	0.19524	0.203637	0.488441	0.394061	0.565481	
0.59676	0.867648	0.739171	0.0424017	0.157519	0.447117	0.331025	0.729565	0.880845	0.332906	0.641546	0.777662	0.549523	0.597498	0.566234	0.956133	0.614366	0.363563	0.880601	0.545534	0.138924	0.604768	0.670922	0.493566	0.239892	0.422913	0.641916	0.19462	0.748648	0.409008	0.942225	0.629606	0.772929	0.173707	0.328862	0.606831	0.404692	0.78493	0.487299	0.572708	1.04972	0.845618	0.485724	0.559345	0.413437	0.552684	0.62856	0.664591	0.617547	0.847649	
0.417312	0.688972	0.563866	0.220184	0.287735	0.304419	0.160751	0.551171	0.720506	0.215091	0.520866	0.680757	0.421622	0.516071	0.517665	0.776428	0.579669	0.207311	0.749288	0.470029	0.278167	0.433841	0.523676	0.432834	0.37042	0.33577	0.467708	0.0525877	0.568696	0.238869	0.762665	0.516107	0.626014	0.127466	0.344466	0.440322	0.311825	0.624169	0.345984	0.462916	0.872402	0.71706	0.459553	0.501605	0.276589	0.399775	0.451076	0.541534	0.477547	0.733084	
0.617324	0.85013	0.708957	0.16727	0.0927413	0.375203	0.393806	0.714003	0.80953	0.447195	0.528328	0.639294	0.449615	0.738639	0.40662	0.946569	0.77536	0.444995	0.769566	0.401572	0.102376	0.657839	0.761063	0.6432	0.14983	0.558295	0.61192	0.282847	0.748432	0.386795	0.931008	0.510241	0.684023	0.310663	0.498026	0.66919	0.53647	0.717341	0.408855	0.453308	1.07524	0.732612	0.319873	0.404404	0.339133	0.48424	0.660434	0.778594	0.71581	0.721358	
0.506496	0.802821	0.7252	0.423737	0.54796	0.598458	0.299236	0.685298	0.934191	0.16699	0.821251	0.996092	0.721077	0.213082	0.857832	0.861235	0.237785	0.255387	1.024	0.803739	0.529379	0.434076	0.389868	0.103358	0.629995	0.0871476	0.649935	0.28986	0.665985	0.489742	0.852805	0.82398	0.880167	0.233089	0.129213	0.412237	0.097108	0.843983	0.636335	0.776985	0.866088	0.997293	0.801527	0.840118	0.58179	0.66343	0.501809	0.327146	0.327141	1.03026	
0.650934	0.75093	0.60717	0.55274	0.466749	0.318047	0.579919	0.644863	0.589932	0.694885	0.260612	0.276962	0.262101	0.994494	0.0180146	0.851913	1.07744	0.641839	0.458732	0.0861519	0.483473	0.747678	0.907721	0.925936	0.467137	0.821707	0.536446	0.551664	0.706493	0.430082	0.834599	0.22971	0.44248	0.622866	0.838298	0.775209	0.796421	0.523256	0.309572	0.200078	1.04508	0.421265	0.0804882	0.0311463	0.307375	0.365412	0.706626	0.972429	0.885299	0.379438	
0.509723	0.593274	0.44975	0.565359	0.511509	0.192356	0.488914	0.488835	0.444173	0.615711	0.118428	0.230843	0.106324	0.903297	0.161604	0.694287	1.00448	0.548104	0.352017	0.0715818	0.523425	0.614748	0.783318	0.848681	0.536874	0.740768	0.381847	0.496698	0.551949	0.313192	0.676975	0.0929996	0.299159	0.578771	0.795401	0.645085	0.715419	0.370577	0.17018	0.0447864	0.888721	0.314331	0.208339	0.130771	0.196857	0.212609	0.565649	0.85981	0.768162	0.300861	
0.3454	0.498228	0.351302	0.476265	0.464146	0.0112659	0.313309	0.371358	0.438613	0.443676	0.215564	0.3896	0.114851	0.724223	0.317992	0.598985	0.831532	0.370381	0.439852	0.235052	0.469128	0.441073	0.604886	0.674867	0.516089	0.566249	0.260899	0.346081	0.422713	0.13182	0.582318	0.216897	0.323917	0.432837	0.643147	0.469416	0.541126	0.345085	0.0382975	0.172566	0.764723	0.407539	0.319067	0.289918	0.0356516	0.111519	0.400726	0.678618	0.587528	0.427407	
