15	30
168.236	130.21
18.4724	135.046
51.3799	156.152
72.1013	32.3008
158.804	103.957
146.798	51.6258
85.728	46.2868
173.691	31.5865
61.5396	22.1983
111.282	19.6257
109.977	14.053
24.0061	154.827
168.561	88.5877
67.9176	54.9229
126.872	80.113
13.2647
9.02508
22.848
17.4007
23.8184
1.25472
5.41512
9.45112
10.1993
17.4308
5.68687
14.251
17.1863
10.6009
25.0894
1.18798
14.7644
18.7499
8.55691
18.0313
2.1016
14.1683
3.44634
23.2191
3.34101
15.9605
12.4008
8.79447
2.58038
23.6057
0.149038	0.223828	0.421016	0.224538	0.689122	0.800798	0.918506	0.921426	0.338479	0.548529	0.627354	0.580104	0.0614352	0.786072	0.246989	0.0534754	0.812924	0.512265	0.665766	0.30769	0.1453	0.475498	0.511673	0.380619	0.16421	0.251824	0.261533	0.563169	0.751947	0.199351	
0.217438	0.364719	0.691002	0.125579	0.917596	0.891874	1.02962	0.747879	0.0823795	0.829779	0.394013	0.873741	0.288453	0.963089	0.243743	0.360438	0.779598	0.562841	0.484828	0.413978	0.266151	0.734961	0.644699	0.669388	0.188614	0.560331	0.536394	0.460034	0.70966	0.266082	
0.69505	0.599261	0.773758	0.85511	0.727859	0.342772	0.458875	0.385954	0.701606	0.872428	0.541372	0.955526	0.755336	0.597164	0.594109	0.814528	0.00817581	0.324796	0.407048	0.518889	0.675478	0.754253	0.438088	0.832375	0.701641	0.955027	0.754092	0.326527	0.0699962	0.624538	
0.347502	0.399808	0.748217	0.398429	0.897694	0.739319	0.882816	0.463802	0.203559	0.889404	0.133361	0.95309	0.443673	0.883137	0.271401	0.528305	0.543988	0.428796	0.200488	0.390221	0.37096	0.772691	0.565813	0.757246	0.330502	0.73258	0.624634	0.218387	0.474277	0.327714	
0.558225	0.408911	0.172986	0.743675	0.146161	0.429287	0.481164	0.980856	0.746676	0.208738	0.874785	0.291922	0.520189	0.271581	0.543972	0.50051	0.662833	0.401747	0.818694	0.381838	0.508864	0.117624	0.244362	0.252913	0.586226	0.479971	0.295228	0.653488	0.642868	0.508077	
0.515605	0.551228	0.88883	0.559737	1.00476	0.777113	0.917975	0.321625	0.363219	1.02716	0.0471945	1.09574	0.611371	0.96071	0.433212	0.695751	0.516828	0.50687	0.105483	0.525803	0.536093	0.906305	0.661318	0.906264	0.499511	0.898347	0.777315	0.247336	0.454434	0.489733	
0.471505	0.344231	0.0245043	0.639967	0.275984	0.558013	0.625897	1.01939	0.677637	0.152646	0.857482	0.223057	0.413522	0.423379	0.484205	0.376405	0.744143	0.445025	0.824934	0.349429	0.423488	0.0496572	0.31353	0.102732	0.500367	0.329193	0.164634	0.666147	0.711678	0.437638	
0.451543	0.386322	0.185406	0.568832	0.466481	0.757961	0.832706	1.13222	0.665407	0.244955	0.909003	0.247938	0.364205	0.629369	0.506884	0.292536	0.906594	0.590288	0.907307	0.433219	0.414123	0.243441	0.490522	0.105429	0.477768	0.144731	0.166274	0.764312	0.86409	0.451032	
0.234538	0.134076	0.436767	0.420707	0.576531	0.505425	0.641026	0.626591	0.336651	0.57448	0.436868	0.643881	0.284508	0.584726	0.149802	0.345493	0.467849	0.181772	0.406426	0.0749438	0.206817	0.454027	0.261539	0.460426	0.2486	0.508422	0.340696	0.25797	0.407482	0.16002	
0.292646	0.202975	0.189238	0.448744	0.459267	0.641661	0.739773	0.949251	0.506043	0.323746	0.728725	0.368858	0.223354	0.575001	0.330281	0.184455	0.742717	0.423082	0.723236	0.250653	0.248317	0.242344	0.35353	0.16455	0.321051	0.211074	0.0298919	0.580694	0.694899	0.276323	
0.252635	0.244553	0.581332	0.387313	0.723147	0.596301	0.738313	0.525446	0.241123	0.720948	0.289114	0.787864	0.33763	0.715839	0.150232	0.416669	0.468347	0.270841	0.278909	0.219128	0.254155	0.601976	0.394917	0.597666	0.249572	0.607636	0.469823	0.168954	0.399264	0.201078	
0.609524	0.451608	0.350431	0.806292	0.217771	0.239026	0.301315	0.855248	0.76163	0.397095	0.817315	0.479151	0.600702	0.157875	0.5625	0.606271	0.502412	0.31015	0.73513	0.391699	0.563161	0.303811	0.166298	0.428734	0.634061	0.636678	0.429454	0.57152	0.49604	0.543844	
0.593222	0.439732	0.422715	0.790064	0.323454	0.16384	0.269826	0.753614	0.720517	0.489902	0.739961	0.573141	0.60131	0.225559	0.530322	0.621422	0.396633	0.235262	0.648061	0.366987	0.550681	0.385132	0.137583	0.496563	0.614825	0.683857	0.470452	0.488126	0.391512	0.52208	
0.559699	0.451816	0.109163	0.707775	0.310765	0.664789	0.715737	1.14774	0.772483	0.0723087	0.974773	0.103011	0.486988	0.492072	0.588964	0.431318	0.870384	0.573935	0.948927	0.469388	0.514704	0.126035	0.439094	0.104366	0.588141	0.317156	0.237656	0.792136	0.83961	0.538035	
0.440856	0.295037	0.3984	0.635562	0.416611	0.289788	0.420348	0.663623	0.557714	0.505742	0.592772	0.587324	0.462101	0.376166	0.3704	0.496286	0.36977	0.0883059	0.515495	0.215137	0.401832	0.38366	0.0732747	0.456476	0.460324	0.597976	0.387887	0.350216	0.336068	0.367499	
