10	40
58.1641	25.5345
49.4531	16.3265
28.3579	77.469
72.7746	110.22
28.8587	19.1968
63.9188	41.9276
97.8497	107.523
73.1088	121.372
169.28	97.7477
9.40512	43.0274
3.53272
6.74438
7.72395
7.51014
6.12355
8.11082
7.53436
8.84978
5.83782
10.9494
6.91004
0.316046
9.1537
2.95692
9.52934
2.95914
2.42577
0.476696
1.80499
3.4358
3.92516
6.24071
1.79857
3.02805
1.55515
4.44152
5.90255
4.35795
9.45857
8.68597
1.15008
7.00546
4.30711
3.01306
8.16932
10.6167
3.92031
3.14054
8.6594
7.85338
0.245404	0.309973	0.380942	0.17398	0.667509	0.302502	0.406505	0.352984	0.402433	0.391989	0.379278	0.324427	0.290161	0.287383	0.421231	0.571088	0.310287	0.467315	0.604792	0.285332	0.612348	0.188725	0.0598112	0.489067	0.114528	0.524645	0.689426	0.293382	0.833328	0.232065	0.313596	0.303128	0.107315	0.426959	0.427562	0.644975	0.341286	0.20177	0.491115	0.330809	
0.312532	0.73534	0.368595	0.38205	0.156689	0.828328	0.210714	0.840632	0.326718	0.729647	0.311074	0.805744	0.761545	0.65806	0.109427	0.36324	0.249855	0.173652	0.591088	0.770927	0.524278	0.442034	0.586574	0.172375	0.458233	0.445318	0.209701	0.309431	0.649018	0.315624	0.801055	0.808912	0.590415	0.670417	0.707938	0.169279	0.20035	0.498156	0.334909	0.856329	
0.54164	0.564491	0.776591	0.477316	1.00718	0.338662	0.668674	0.0768849	0.593732	0.688864	0.588458	0.491415	0.105602	0.209281	0.75899	0.964836	0.603852	0.839393	0.610647	0.116457	0.669705	0.583421	0.37165	0.860982	0.510239	0.624547	1.04396	0.54926	0.878368	0.610187	0.474833	0.426877	0.292712	0.321617	0.278714	0.91866	0.700529	0.585426	0.884878	0.228344	
0.57306	0.548302	0.78871	0.50595	1.03783	0.310638	0.70594	0.0585549	0.635662	0.674938	0.62895	0.467789	0.124957	0.253319	0.788453	0.97975	0.636904	0.862861	0.661396	0.123417	0.719446	0.593352	0.377701	0.884583	0.522303	0.672306	1.07209	0.584925	0.929124	0.630715	0.451431	0.40206	0.31088	0.372611	0.329974	0.957131	0.725884	0.590212	0.899771	0.195007	
0.295934	0.460162	0.551864	0.230761	0.761184	0.339671	0.432019	0.235177	0.374959	0.562549	0.36323	0.434969	0.154234	0.100254	0.512512	0.731961	0.359695	0.594974	0.486626	0.168268	0.518365	0.370226	0.197367	0.616405	0.294331	0.447927	0.79737	0.309499	0.741638	0.370692	0.419937	0.38853	0.0877067	0.254625	0.246155	0.684163	0.45499	0.389281	0.652682	0.29824	
0.349954	0.75603	0.704717	0.348422	0.727995	0.651844	0.366063	0.480787	0.249828	0.841247	0.265969	0.745297	0.410493	0.255566	0.524352	0.83888	0.369291	0.65095	0.175937	0.437748	0.227839	0.578458	0.486597	0.667904	0.514369	0.196829	0.78591	0.30436	0.440767	0.50331	0.730877	0.701768	0.387557	0.130032	0.178432	0.569009	0.520809	0.62114	0.769858	0.593705	
0.151571	0.37456	0.314752	0.0926838	0.563374	0.406504	0.310543	0.442128	0.325662	0.430019	0.299349	0.411256	0.371365	0.327587	0.316201	0.493397	0.211767	0.369579	0.563202	0.372263	0.556599	0.15173	0.163498	0.391381	0.0883315	0.463487	0.587517	0.207898	0.771126	0.135927	0.402584	0.399189	0.183954	0.43618	0.448275	0.542412	0.238328	0.194035	0.413983	0.434545	
0.319958	0.371194	0.513987	0.246572	0.774284	0.256609	0.472128	0.223771	0.434439	0.478157	0.418066	0.343594	0.157107	0.183612	0.524287	0.703005	0.387261	0.588003	0.574285	0.154343	0.600978	0.321467	0.119192	0.609797	0.247697	0.525191	0.803047	0.349252	0.82493	0.354116	0.328648	0.298427	0.0369208	0.344954	0.332985	0.722338	0.454138	0.328425	0.623009	0.237363	
0.524128	0.296241	0.619053	0.449703	0.952957	0.0529799	0.682617	0.209757	0.653858	0.424926	0.636303	0.208089	0.224598	0.35789	0.708216	0.814998	0.591179	0.744462	0.782105	0.19552	0.816172	0.427226	0.230277	0.765845	0.374458	0.743898	0.971142	0.562065	1.03939	0.512886	0.191861	0.142177	0.251715	0.523192	0.496431	0.92808	0.626125	0.401924	0.737662	0.0736272	
0.550342	0.689749	0.838427	0.499592	1.00651	0.482041	0.648576	0.22539	0.553933	0.808762	0.556189	0.628023	0.213498	0.200447	0.767387	1.01581	0.60357	0.866533	0.503733	0.238569	0.574318	0.655828	0.462538	0.887274	0.579976	0.547615	1.05194	0.540702	0.767897	0.652601	0.611379	0.565735	0.362274	0.22218	0.173784	0.887482	0.724766	0.670082	0.937119	0.377044	
