15	40
84.3253	78.3324
57.2169	46.3926
20.3818	149.392
52.3045	114.707
26.649	60.707
86.3671	50.0793
56.0678	89.6574
33.1371	131.191
67.2492	106.584
27.569	155.605
20.0418	77.1352
60.3453	139.461
24.1097	33.7738
4.75742	115.054
47.5816	95.846
14.3759
24.5523
18.616
36.0438
2.49309
34.9265
13.0047
35.4111
12.5058
9.76575
4.57391
32.8621
16.7366
15.3351
10.8819
0.685721
8.11288
28.7669
33.5156
32.5733
3.35183
16.3653
13.7167
0.525805
1.81146
11.3612
32.3897
28.7604
12.1003
30.2319
34.5177
5.97755
23.6001
31.8658
21.9041
4.5516
16.2885
2.58829
34.5579
9.75338
0.214763	0.0147928	0.575632	0.23464	0.544579	0.745285	0.790678	0.565454	0.543729	0.152937	0.711342	0.6164	0.594882	0.672932	0.148658	0.715616	0.711831	0.676221	0.190001	0.628241	0.83742	0.556242	0.677656	0.463996	0.154614	0.545579	0.924678	0.51971	0.58752	0.29612	0.750716	0.296113	0.20388	0.135791	0.449993	0.477858	0.407746	0.956536	0.608782	1.14497	
0.106053	0.151684	0.590598	0.192608	0.64463	0.877886	0.709355	0.715523	0.495804	0.152911	0.656943	0.686558	0.748128	0.792541	0.303552	0.776443	0.703557	0.760534	0.164547	0.712405	0.913257	0.544793	0.699369	0.558062	0.300156	0.690317	0.947591	0.643415	0.604021	0.354007	0.74203	0.366381	0.239802	0.175483	0.453256	0.627713	0.496981	0.984979	0.647399	1.21133	
0.519598	0.546126	0.151698	0.413795	0.198587	0.506754	0.601443	0.553357	0.358432	0.678754	0.452445	0.114402	0.624086	0.37222	0.530221	0.190592	0.298378	0.210274	0.711828	0.172085	0.335285	0.238693	0.188469	0.162221	0.592028	0.482391	0.409039	0.316642	0.150338	0.237252	0.326717	0.235392	0.34748	0.66698	0.200912	0.505436	0.165939	0.433819	0.0948253	0.625469	
0.402643	0.40425	0.23593	0.30179	0.215506	0.514083	0.630787	0.487685	0.360454	0.538641	0.495857	0.231149	0.553217	0.393547	0.389429	0.326676	0.393813	0.306414	0.572706	0.258894	0.457327	0.278673	0.313851	0.131013	0.450405	0.424269	0.549068	0.283569	0.242734	0.102112	0.428627	0.0936704	0.216607	0.525243	0.185548	0.423004	0.0794132	0.575939	0.229725	0.759159	
0.404752	0.1968	0.646131	0.397774	0.498609	0.621632	0.942191	0.401432	0.677389	0.286139	0.842561	0.612246	0.417756	0.579891	0.0492238	0.71775	0.798571	0.645776	0.322416	0.601579	0.811095	0.656096	0.732864	0.438346	0.068195	0.399628	0.966393	0.429221	0.655309	0.359497	0.835962	0.343245	0.321876	0.248491	0.545405	0.31812	0.39945	0.990262	0.648357	1.12225	
1.10617	1.11943	0.629753	0.999866	0.581568	0.630368	0.974547	0.866807	0.849328	1.2564	0.835299	0.489169	0.930389	0.559389	1.06784	0.397162	0.626387	0.434969	1.29145	0.480926	0.269678	0.722214	0.53105	0.647429	1.13131	0.802727	0.376732	0.673164	0.616173	0.820734	0.611272	0.812987	0.933725	1.23975	0.757273	0.878963	0.698561	0.331449	0.541156	0.0428076	
0.677383	0.669181	0.294434	0.573786	0.148453	0.38612	0.744293	0.511039	0.521555	0.806829	0.591384	0.0583011	0.583019	0.251823	0.619326	0.104627	0.402333	0.0406628	0.842504	0.0383605	0.182882	0.394043	0.266648	0.197618	0.682923	0.437778	0.390018	0.272277	0.28675	0.379052	0.418134	0.367257	0.493561	0.789112	0.372225	0.489592	0.247468	0.395478	0.193846	0.49216	
0.771115	0.621719	0.691231	0.707768	0.351743	0.203997	1.12211	0.0661844	0.853287	0.738582	0.981897	0.503059	0.117498	0.257991	0.482794	0.584054	0.839431	0.45924	0.776307	0.443403	0.584034	0.761972	0.717506	0.384905	0.525901	0.0727366	0.868738	0.225193	0.691489	0.532992	0.865495	0.503733	0.598208	0.703128	0.67811	0.139605	0.415018	0.869855	0.624566	0.854898	
0.202635	0.339663	0.303048	0.105274	0.472458	0.766822	0.472735	0.696198	0.21533	0.433168	0.383016	0.454496	0.751857	0.65008	0.422592	0.52481	0.40649	0.545412	0.455265	0.501194	0.675577	0.247833	0.41276	0.387578	0.4625	0.644322	0.657579	0.529461	0.316989	0.18457	0.444946	0.213491	0.148567	0.439433	0.164973	0.617095	0.330478	0.697546	0.377385	0.953033	
0.898549	0.961081	0.395105	0.793668	0.513204	0.702939	0.680533	0.873261	0.585485	1.08973	0.546533	0.367381	0.944544	0.586318	0.947677	0.264425	0.345843	0.378515	1.12071	0.404202	0.274163	0.469651	0.285511	0.542372	1.01002	0.800654	0.0801052	0.637842	0.381148	0.650297	0.32417	0.652417	0.752375	1.08115	0.533363	0.855414	0.573119	0.0421064	0.337922	0.313407	
0.193517	0.306356	0.31238	0.088012	0.448135	0.736749	0.512777	0.658161	0.251544	0.407426	0.419079	0.442615	0.712886	0.62311	0.382956	0.519217	0.427903	0.530275	0.431868	0.484753	0.666827	0.269183	0.421735	0.361597	0.424357	0.607654	0.669217	0.497841	0.32599	0.151078	0.466729	0.179151	0.107949	0.410814	0.17442	0.578224	0.302561	0.707483	0.377493	0.951119	
0.37965	0.447077	0.14309	0.273278	0.313521	0.623414	0.505927	0.612739	0.237738	0.569036	0.371271	0.266458	0.678233	0.495474	0.470793	0.334157	0.290488	0.360754	0.598442	0.31931	0.484962	0.156833	0.245905	0.241429	0.526566	0.548822	0.494496	0.402388	0.154656	0.148925	0.328117	0.166055	0.231455	0.564131	0.0621423	0.547523	0.201663	0.529425	0.191179	0.764528	
0.446589	0.430745	0.255841	0.347811	0.166307	0.465125	0.670501	0.450743	0.403319	0.567564	0.531744	0.200522	0.518199	0.343929	0.398796	0.30198	0.413425	0.266271	0.60282	0.218104	0.422756	0.312313	0.31938	0.0814502	0.461439	0.384801	0.543247	0.237339	0.260265	0.143705	0.446121	0.127927	0.256971	0.551365	0.227642	0.391125	0.0379819	0.566429	0.228569	0.728973	
0.179954	0.201034	0.390384	0.104391	0.429205	0.688526	0.629213	0.573813	0.36757	0.320145	0.534647	0.463986	0.62243	0.588947	0.266174	0.555175	0.52423	0.538747	0.350431	0.490767	0.690638	0.368946	0.494953	0.341204	0.308144	0.531467	0.743413	0.448086	0.40273	0.1314	0.56312	0.145577	0.0179419	0.315489	0.262428	0.489648	0.279294	0.777503	0.432904	0.989794	
0.28173	0.47607	0.350204	0.234269	0.610506	0.915953	0.324701	0.863273	0.141608	0.539253	0.27685	0.558617	0.920278	0.792091	0.58084	0.605636	0.387695	0.655887	0.551847	0.616942	0.761824	0.256559	0.448073	0.5318	0.613788	0.809071	0.666887	0.684202	0.363291	0.348231	0.420532	0.377548	0.314401	0.555525	0.244825	0.785463	0.480555	0.712558	0.448391	1.0088	
