15	30
170.485	29.1239
144.558	77.4057
79.8938	99.0433
158.518	129.903
37.9526	75.394
85.4338	157.635
131.721	113.305
145.356	150.105
162.389	41.5589
110.556	13.507
139.229	127.273
71.1657	50.3343
158.584	141.322
89.6144	31.4107
6.20084	132.172
9.12381
4.57776
5.99743
39.798
31.5478
28.9081
30.7507
1.37915
32.0939
10.6342
32.177
14.3066
2.06712
36.9063
22.4416
36.7601
38.6253
36.5948
9.90486
10.8012
10.7691
28.6648
7.92796
29.446
38.3909
31.8663
36.9682
26.6073
1.5731
37.1372
0.296034	0.769495	0.843784	0.686119	0.174177	0.548142	0.176589	0.208092	0.168929	0.297296	0.721335	0.33868	0.461592	0.394732	0.221878	0.198837	0.389793	0.312757	0.393774	0.552923	0.576389	0.53146	0.648224	0.301554	0.157702	0.459235	0.602605	0.263812	0.587256	0.678339	
0.423561	0.739506	0.732472	1.02789	0.57283	0.184733	0.554533	0.505479	0.645891	0.335858	0.524559	0.6229	0.951057	0.919411	0.492302	0.468981	0.956949	0.651115	0.342938	0.629716	0.724887	0.264742	0.335625	0.761724	0.72923	0.955212	0.408504	0.38051	0.297268	0.820755	
0.315268	0.528	0.631248	0.332594	0.533199	0.617358	0.218926	0.56024	0.514196	0.405758	0.597234	0.125312	0.733029	0.259016	0.25495	0.540399	0.384223	0.0875466	0.412347	0.324364	0.286904	0.555601	0.627598	0.624364	0.406126	0.725162	0.532401	0.363575	0.586426	0.364037	
0.250892	0.369578	0.467916	0.373668	0.597008	0.506154	0.255681	0.604039	0.599029	0.349415	0.43341	0.0927687	0.858253	0.425824	0.241684	0.574646	0.548105	0.132336	0.311805	0.158351	0.146332	0.433685	0.485025	0.725256	0.523129	0.852124	0.381823	0.318416	0.45285	0.248053	
0.203665	0.299284	0.370202	0.513117	0.617928	0.369344	0.305255	0.605622	0.639697	0.283485	0.286578	0.198942	0.930091	0.568731	0.25291	0.569415	0.677908	0.249672	0.202543	0.103154	0.19004	0.29092	0.328789	0.775355	0.59918	0.926071	0.224259	0.271541	0.30122	0.290393	
0.593076	1.07964	1.15045	0.948286	0.183447	0.782142	0.487232	0.240386	0.142823	0.564484	1.01388	0.64633	0.208434	0.573673	0.529606	0.279755	0.483329	0.614924	0.673896	0.86375	0.885257	0.789388	0.912235	0.0350175	0.248371	0.214582	0.887091	0.544418	0.849101	0.984946	
0.363807	0.63958	0.741608	0.385987	0.477326	0.675631	0.222936	0.517211	0.444216	0.440093	0.696392	0.211364	0.632912	0.161079	0.28379	0.504991	0.2737	0.16123	0.472528	0.432792	0.398923	0.622746	0.707546	0.540216	0.317369	0.624187	0.619994	0.395117	0.660667	0.473268	
0.444772	0.692002	0.798147	0.364895	0.52564	0.756535	0.301521	0.572728	0.482673	0.520404	0.766572	0.28525	0.632332	0.0889079	0.364332	0.564776	0.224965	0.236771	0.553187	0.493836	0.447244	0.703002	0.785749	0.562866	0.341492	0.622207	0.69581	0.475335	0.739982	0.508802	
0.431186	0.850021	0.863918	1.04216	0.425912	0.325892	0.513453	0.352693	0.50405	0.332453	0.664707	0.626392	0.791101	0.858159	0.469767	0.323364	0.867644	0.640973	0.395799	0.700226	0.782722	0.387735	0.489259	0.604078	0.613963	0.796826	0.535093	0.367168	0.437422	0.887343	
0.528971	0.333177	0.44675	0.217805	0.865359	0.737095	0.526371	0.879877	0.856134	0.625827	0.535461	0.362976	1.07876	0.540435	0.522887	0.852783	0.687188	0.380611	0.568194	0.281644	0.181156	0.656401	0.665125	0.971352	0.754074	1.07034	0.553728	0.598341	0.655093	0.111347	
0.499111	0.914651	1.00474	0.679708	0.296025	0.775947	0.342114	0.366174	0.224337	0.521457	0.913093	0.459851	0.322628	0.286572	0.411179	0.380506	0.202283	0.4151	0.607386	0.696647	0.688631	0.752754	0.864616	0.257775	0.0804436	0.313981	0.805982	0.483302	0.805803	0.774835	
0.336663	0.631396	0.628683	0.928239	0.56365	0.0789411	0.482622	0.504218	0.629992	0.260967	0.422942	0.530774	0.944631	0.848263	0.414692	0.464111	0.899577	0.563268	0.243632	0.521629	0.618003	0.155941	0.239808	0.756237	0.69194	0.947178	0.301798	0.305954	0.193575	0.71248	
0.0479155	0.547381	0.603794	0.650006	0.3783	0.309819	0.160813	0.357299	0.413818	0.0658047	0.460931	0.234303	0.723837	0.525369	0.0917757	0.319681	0.585012	0.253632	0.12952	0.349858	0.411491	0.275111	0.38624	0.552277	0.416353	0.722318	0.338314	0.0253757	0.327116	0.519665	
0.611137	0.705781	0.820327	0.215197	0.745079	0.911531	0.495528	0.791669	0.700329	0.699756	0.844213	0.417656	0.81594	0.23026	0.545466	0.782373	0.362439	0.38351	0.707106	0.553215	0.471811	0.846576	0.907731	0.771438	0.554655	0.804228	0.804902	0.656465	0.872441	0.487096	
0.329223	0.796574	0.873111	0.69037	0.169169	0.583287	0.201196	0.214759	0.148392	0.332572	0.754184	0.359055	0.429502	0.379783	0.252265	0.212212	0.363835	0.329318	0.428435	0.578981	0.59791	0.566701	0.683264	0.275141	0.122729	0.426693	0.636542	0.298796	0.622395	0.698113	
