15	50
13.0749	118.956
87.9122	113.295
36.1236	64.0895
57.8599	87.7834
77.5875	109.981
89.8761	18.4877
44.4743	20.8779
1.60485	117.384
11.4309	126.59
15.7749	92.6628
56.497	60.2273
29.6501	150.532
45.5066	76.4563
45.6466	41.3641
83.8343	65.3744
4.56342
9.81593
4.89047
17.3474
8.89368
10.6363
14.3771
16.4206
8.16096
6.54952
16.7141
10.0455
25.4615
19.3857
4.03113
10.9517
7.19157
14.2529
7.88062
24.1454
3.33507
27.0847
21.6246
15.4578
6.4492
21.4535
21.1481
13.9435
7.80617
14.999
3.05098
12.058
14.7939
9.4481
6.66504
13.4935
3.11296
13.9682
0.0642485
13.8195
9.30954
24.2178
21.1463
16.9517
20.4387
8.11614
4.36127
6.39315
10.9124
24.6924
0.768659	0.205977	0.221952	0.250955	0.807261	0.275502	0.753188	0.694996	0.32452	0.766586	0.707523	0.156882	0.0927865	0.25699	0.618023	0.227039	0.2147	0.40348	0.28434	0.243043	0.300265	0.587802	0.440614	0.329587	0.489895	0.482334	0.432558	0.511317	0.659123	0.31367	0.564981	0.808541	0.201796	0.36269	0.630622	0.745367	0.331013	0.330838	0.677021	0.257059	0.52001	0.324082	0.789809	0.804908	0.461679	0.669613	0.551644	0.366023	0.785157	0.74738	
0.690948	0.374225	0.368495	0.336533	0.656115	0.362507	0.627481	0.753284	0.274364	0.62367	0.76558	0.196005	0.0759624	0.0888654	0.595931	0.266562	0.354728	0.247707	0.294637	0.385308	0.228111	0.714317	0.343772	0.175281	0.499807	0.557474	0.46327	0.513781	0.520431	0.231876	0.567131	0.765517	0.362207	0.318617	0.677277	0.626786	0.214101	0.417282	0.677963	0.154378	0.632481	0.166752	0.801156	0.72122	0.321796	0.666777	0.486429	0.222571	0.835645	0.698865	
0.824785	0.161198	0.0695083	0.198036	0.996868	0.195566	0.894332	0.528333	0.594512	0.940159	0.539862	0.284431	0.364185	0.518932	0.601232	0.462418	0.0885432	0.627694	0.332077	0.0606763	0.579054	0.319359	0.57435	0.609089	0.447326	0.321239	0.371864	0.475721	0.831014	0.594145	0.51746	0.801999	0.239813	0.446994	0.49296	0.874173	0.515981	0.209046	0.611919	0.541867	0.278829	0.602017	0.693069	0.867909	0.653932	0.612048	0.616445	0.576339	0.622678	0.75658	
0.689607	0.380486	0.239276	0.199323	0.957077	0.173787	0.817975	0.303635	0.756017	0.888712	0.315106	0.341111	0.47951	0.597948	0.437901	0.646658	0.232217	0.651976	0.297321	0.215624	0.728465	0.197827	0.527599	0.708055	0.291519	0.107124	0.224121	0.31883	0.785618	0.739965	0.344838	0.628658	0.457116	0.391575	0.274464	0.789218	0.522766	0.122981	0.418563	0.673588	0.0998198	0.697867	0.481243	0.734553	0.644649	0.422794	0.508842	0.594382	0.39792	0.595591	
0.340171	0.579272	0.446068	0.297262	0.627791	0.292804	0.469137	0.363517	0.741326	0.553081	0.373243	0.326922	0.46113	0.476263	0.134254	0.699183	0.423783	0.430292	0.199959	0.435875	0.695227	0.537626	0.23519	0.590415	0.0786665	0.278882	0.132635	0.0671868	0.459737	0.697855	0.108297	0.329256	0.63157	0.153236	0.27697	0.437135	0.313661	0.283659	0.212526	0.619554	0.433807	0.577296	0.338628	0.384328	0.376673	0.200152	0.154618	0.378217	0.41935	0.274659	
0.837906	0.485675	0.374747	0.383779	1.14049	0.359649	0.992388	0.323667	0.913508	1.06986	0.330213	0.524408	0.652597	0.782346	0.576987	0.788646	0.377764	0.842716	0.48813	0.351523	0.891979	0.0214072	0.714169	0.88916	0.44963	0.245021	0.395012	0.473294	0.969215	0.905246	0.483731	0.746906	0.563864	0.57932	0.345992	0.960919	0.713617	0.312816	0.525547	0.844104	0.0933959	0.879642	0.546728	0.882726	0.834608	0.535176	0.678403	0.785177	0.401044	0.727552	
0.370236	0.545648	0.44108	0.303088	0.516173	0.31295	0.395426	0.522692	0.605404	0.450653	0.533202	0.254671	0.34883	0.323895	0.27402	0.589042	0.417819	0.264084	0.167225	0.439718	0.555803	0.637955	0.08603	0.433353	0.232218	0.395293	0.245779	0.230858	0.344985	0.555688	0.274399	0.431853	0.579912	0.0528857	0.436473	0.375508	0.150357	0.333635	0.372688	0.477846	0.534765	0.42007	0.499846	0.406379	0.218062	0.35827	0.155359	0.212055	0.584171	0.365124	
0.590855	0.311459	0.196819	0.0722967	0.742833	0.0941428	0.638635	0.482274	0.526014	0.684375	0.494747	0.0825648	0.234743	0.332985	0.404623	0.449945	0.173563	0.395046	0.0810983	0.19626	0.489677	0.45697	0.317984	0.445375	0.267665	0.280374	0.208658	0.290685	0.575519	0.498061	0.343498	0.602041	0.359211	0.193436	0.41197	0.619737	0.271421	0.143469	0.454672	0.425298	0.365358	0.434615	0.565904	0.631706	0.405254	0.448157	0.374658	0.339078	0.56903	0.545923	
0.508679	0.395599	0.28831	0.156233	0.654017	0.171267	0.546942	0.490796	0.537369	0.593996	0.502831	0.11582	0.250364	0.300469	0.347183	0.486373	0.265112	0.325687	0.031095	0.287901	0.494569	0.523723	0.226697	0.417538	0.2329	0.312732	0.196709	0.249321	0.485545	0.499606	0.303423	0.536606	0.435707	0.103601	0.411675	0.528283	0.196124	0.206136	0.415759	0.422524	0.425655	0.40541	0.535974	0.548127	0.322432	0.406217	0.290629	0.267918	0.569749	0.476213	
0.447877	0.82117	0.672834	0.551176	0.879579	0.532337	0.688422	0.200975	1.07852	0.799177	0.197094	0.640607	0.789298	0.825003	0.255145	1.01577	0.656557	0.77473	0.517922	0.65332	1.03548	0.543433	0.569519	0.940083	0.308365	0.361595	0.357334	0.294982	0.733688	1.03987	0.243277	0.289247	0.890163	0.502835	0.192028	0.646894	0.663297	0.488792	0.143561	0.962149	0.472484	0.927025	0.0324732	0.483901	0.708977	0.160087	0.428313	0.725435	0.158429	0.311782	
0.890391	0.0934797	0.201775	0.306531	0.947874	0.324535	0.890768	0.733373	0.3714	0.906899	0.745625	0.269894	0.2299	0.390483	0.715868	0.228108	0.209945	0.543319	0.386711	0.225694	0.36673	0.557129	0.574041	0.445442	0.574466	0.517097	0.50732	0.599311	0.799136	0.384206	0.650577	0.913208	0.0611809	0.48221	0.681455	0.881284	0.470114	0.370917	0.759117	0.349987	0.511729	0.442512	0.861628	0.928686	0.602136	0.754357	0.672097	0.506647	0.827115	0.855989	
0.503228	0.650073	0.50177	0.390596	0.88078	0.369176	0.704397	0.0946232	0.942145	0.802611	0.103378	0.497699	0.650187	0.711872	0.248503	0.864877	0.486885	0.694481	0.385774	0.481281	0.903107	0.383876	0.505424	0.829069	0.20001	0.185642	0.217075	0.203197	0.718689	0.909753	0.174776	0.387667	0.721267	0.404693	0.0179116	0.66652	0.570401	0.320914	0.167087	0.833945	0.302417	0.816572	0.192847	0.546175	0.646604	0.179919	0.400756	0.639701	0.156585	0.378615	
0.432508	1.06465	0.986591	0.858408	0.0882919	0.870158	0.187372	0.984554	0.905788	0.109962	0.991147	0.776442	0.790819	0.653218	0.645414	0.978237	0.964049	0.482966	0.722777	0.98914	0.854086	1.18426	0.476682	0.677463	0.728893	0.928555	0.77695	0.709962	0.219544	0.841451	0.719779	0.608887	1.07669	0.610683	0.903883	0.226996	0.548258	0.8909	0.749646	0.790169	1.07992	0.66933	0.843531	0.407451	0.413512	0.732192	0.49867	0.510272	1.00776	0.565028	
0.950104	0.0964967	0.171236	0.320406	1.08121	0.324596	0.997061	0.665444	0.557213	1.03108	0.676671	0.364732	0.39116	0.555384	0.736495	0.408316	0.194073	0.690572	0.444454	0.181761	0.554536	0.417267	0.674075	0.62498	0.583474	0.461788	0.508536	0.611524	0.921529	0.572084	0.655328	0.937822	0.153836	0.556894	0.633451	0.980788	0.59482	0.347085	0.752075	0.535969	0.401648	0.620648	0.834318	0.992169	0.733144	0.751695	0.736738	0.645489	0.759363	0.889809	
0.926654	0.356439	0.438016	0.483184	0.852623	0.508017	0.851257	0.926663	0.108837	0.832583	0.939194	0.371202	0.22513	0.286301	0.818755	0.0542111	0.436577	0.45532	0.495188	0.461401	0.117734	0.806545	0.579374	0.266108	0.705771	0.714909	0.655684	0.724081	0.736155	0.137036	0.77826	0.996448	0.298051	0.545173	0.860054	0.85448	0.448875	0.563508	0.890768	0.147316	0.747001	0.270714	1.00896	0.956808	0.542901	0.88145	0.72056	0.446094	1.01592	0.93087	
