10	50
23.4215	151.899
14.771	136.733
48.2244	154.168
87.8209	95.8878
62.625	138.992
49.6094	157.562
48.0335	98.5855
83.3881	21.7881
57.7044	103.811
55.5549	158.694
7.38913
13.7633
2.87424
5.52617
3.17919
0.0665109
7.81854
11.4648
8.30222
4.582
6.9402
1.9537
10.9437
13.406
1.74397
1.33684
14.1779
0.636214
12.909
8.54176
14.3416
4.86095
6.48248
8.81446
11.1111
10.9906
3.07328
9.12634
6.14008
6.1016
14.2499
9.82993
9.75028
6.80185
4.33501
9.7033
14.7252
13.8985
6.29509
9.90634
14.0501
0.782588
8.53189
12.1714
8.10512
13.4353
4.18885
7.63381
4.91188
14.1357
0.633172	0.799179	0.190582	0.913545	0.682889	0.745082	0.381944	0.879107	0.880406	0.764543	0.717257	0.733937	0.751739	0.758616	0.46087	0.983653	0.202823	1.09324	0.82278	0.213381	1.01053	1.03698	0.676444	0.975071	1.19037	0.318959	0.721931	0.657613	1.01922	0.544885	0.995302	0.722618	0.468977	0.348724	1.07582	0.52084	0.27214	0.872912	0.280921	1.04747	0.351246	0.206856	0.310874	0.135082	0.907617	0.495396	1.00036	1.03125	0.92294	0.807256	
0.403353	0.654065	0.476281	0.396357	0.227771	0.156677	0.249291	0.907545	0.355639	0.196483	0.161913	0.174531	0.706181	0.439036	0.192663	0.512167	0.410171	0.682361	0.798661	0.683103	0.685803	0.534674	0.388953	0.417322	0.746891	0.278125	0.786664	0.354434	0.732343	0.148136	0.581432	0.784817	0.127187	0.288051	0.584856	0.0811079	0.322872	0.278823	0.419505	0.727339	0.548712	0.421328	0.354147	0.606433	0.979528	0.202512	0.497913	0.585777	0.347727	0.466561	
0.562735	0.712481	0.12329	0.869366	0.701971	0.737962	0.348253	0.782718	0.838798	0.765219	0.719882	0.705672	0.659427	0.691146	0.426012	0.929064	0.172394	1.02691	0.728363	0.134647	0.935309	0.986757	0.60992	0.939209	1.12711	0.30523	0.625648	0.59451	0.939866	0.510475	0.931536	0.626386	0.463666	0.373949	1.02263	0.516402	0.264215	0.858315	0.213807	0.970992	0.257948	0.251206	0.351737	0.0434143	0.810768	0.516564	0.950982	0.971286	0.893954	0.740112	
0.138122	0.207562	0.581885	0.326907	0.703426	0.545546	0.444186	0.502332	0.329489	0.610453	0.604569	0.384266	0.310419	0.0448719	0.39243	0.293959	0.581888	0.331683	0.386662	0.715607	0.242756	0.369634	0.105246	0.435859	0.437454	0.533649	0.441126	0.136774	0.267806	0.355526	0.246725	0.438094	0.518401	0.654363	0.382332	0.519647	0.570418	0.547108	0.490457	0.282388	0.483686	0.712294	0.710872	0.692687	0.58642	0.653589	0.346283	0.300374	0.459145	0.0618113	
0.539713	0.770542	0.276457	0.703933	0.383502	0.465712	0.224085	0.944779	0.665505	0.475292	0.426863	0.494433	0.769942	0.638016	0.277488	0.80137	0.196101	0.946942	0.857969	0.458004	0.905455	0.839105	0.561045	0.741827	1.0291	0.137434	0.794862	0.531284	0.933775	0.341523	0.843838	0.794286	0.204698	0.0495618	0.885327	0.248699	0.119565	0.601243	0.290811	0.946426	0.44236	0.0979052	0.0469017	0.366186	0.99675	0.196109	0.801509	0.864519	0.676229	0.680992	
0.612052	0.421296	0.743522	0.948546	1.21587	1.11196	0.809838	0.135183	0.951006	1.1723	1.15072	0.969354	0.312614	0.661277	0.820115	0.893596	0.808183	0.833043	0.239945	0.694644	0.671023	0.969419	0.652127	1.05765	0.934156	0.868439	0.208046	0.678808	0.616053	0.846474	0.803907	0.209781	0.960475	1.01136	0.965464	0.991349	0.872528	1.14968	0.701834	0.673851	0.557921	0.973199	1.036	0.750906	0.0605839	1.0916	0.954201	0.866736	1.07843	0.679764	
0.49185	0.737011	0.342809	0.602528	0.281358	0.348933	0.196142	0.942358	0.562944	0.35976	0.311643	0.386644	0.754949	0.572926	0.216607	0.707746	0.262227	0.863611	0.846316	0.542233	0.838038	0.739672	0.502213	0.632677	0.939481	0.143754	0.80021	0.469577	0.873149	0.258441	0.760469	0.799167	0.099637	0.0719116	0.78773	0.135254	0.164559	0.484791	0.325837	0.879649	0.479009	0.21373	0.137811	0.454074	1.00215	0.0998157	0.702247	0.775299	0.564062	0.611816	
0.118192	0.21292	0.404923	0.500379	0.714547	0.605324	0.343411	0.418676	0.489496	0.665252	0.64394	0.468556	0.220927	0.2265	0.329044	0.498612	0.426895	0.541746	0.31365	0.510559	0.428011	0.571576	0.172579	0.603203	0.649146	0.423483	0.301017	0.187763	0.427371	0.341708	0.460005	0.29884	0.472753	0.563967	0.590494	0.495531	0.446861	0.652721	0.319802	0.461303	0.276546	0.580566	0.607402	0.498985	0.489864	0.610518	0.543632	0.51302	0.602758	0.2699	
0.202924	0.43386	0.504589	0.242061	0.460147	0.306697	0.294929	0.710959	0.213349	0.370851	0.361655	0.154623	0.507987	0.200557	0.219201	0.316307	0.470845	0.461518	0.596684	0.688304	0.446682	0.363816	0.166886	0.321145	0.541269	0.375708	0.613214	0.136606	0.491646	0.146402	0.358315	0.61077	0.304705	0.462941	0.405042	0.292261	0.421583	0.337044	0.418824	0.488392	0.489402	0.557158	0.526813	0.635692	0.789841	0.428794	0.326914	0.376701	0.298379	0.225778	
0.470396	0.29463	0.629696	0.814105	1.07581	0.969987	0.675153	0.0969045	0.814582	1.0304	1.0091	0.827792	0.177067	0.524824	0.681443	0.767057	0.688302	0.724109	0.126428	0.611834	0.564817	0.843485	0.51154	0.922922	0.829296	0.738074	0.0705942	0.537569	0.517648	0.705355	0.684222	0.0714922	0.822932	0.881929	0.843575	0.852279	0.74571	1.00871	0.578654	0.57417	0.4437	0.854302	0.91055	0.655361	0.13175	0.955815	0.825883	0.746866	0.94044	0.546608	
