10	50
68.9351	26.1012
11.2063	21.2046
0.81953	142.818
73.098	107.211
85.5808	62.9807
66.6974	126.362
82.1886	31.0441
46.0731	111.332
63.577	66.9273
59.8078	107.849
5.09572
12.5235
11.026
11.0955
10.3225
9.76783
13.3332
11.8143
2.87721
4.09855
0.496981
10.281
8.25601
5.33414
13.0357
7.14857
12.3101
1.52845
8.58065
13.3564
8.92053
8.68933
12.8425
12.0017
11.4259
0.0373844
0.530663
6.68354
11.1775
8.33875
1.73195
11.6315
13.1664
2.25005
6.73293
2.89705
7.87436
13.3354
12.4036
8.17633
6.21831
8.87866
7.86608
11.4447
12.5233
0.467278
2.59488
6.50768
3.56081
8.72401
0.343762	0.16146	0.742458	0.767144	1.12723	0.554478	0.38231	0.814086	0.921326	1.0459	0.582067	0.65025	0.845639	0.672058	0.516869	0.874525	0.522491	0.631055	0.689088	0.839429	0.246003	0.950717	0.559122	0.8656	0.939721	0.734393	0.686981	0.0819212	0.512385	0.939157	0.55983	0.605942	0.71919	0.664428	0.509082	0.31633	0.293687	0.344947	0.752405	0.0719844	0.849729	0.487494	0.342856	0.674602	0.839934	0.388715	0.449111	0.962215	0.30496	0.928428	
0.90677	0.799407	0.423212	0.338075	0.874534	0.488999	0.596364	0.596749	0.26114	0.886559	0.413088	1.05752	0.406736	0.660087	1.01781	0.238499	1.07663	0.159354	0.344833	0.0903177	0.539715	0.697627	0.903173	0.104336	0.713304	0.468918	1.16572	0.775022	0.820246	0.570599	1.00274	0.693987	0.549971	0.365974	0.935405	0.637443	0.809433	0.91928	1.18308	0.695747	0.107217	0.2869	0.420814	0.779028	0.282643	0.734901	0.331477	0.7373	0.576622	0.957999	
0.306778	0.162974	0.563789	0.594212	0.949722	0.373561	0.20624	0.633653	0.763284	0.872959	0.403794	0.569184	0.669554	0.498195	0.463996	0.715756	0.496751	0.489756	0.515053	0.70345	0.223546	0.770973	0.447335	0.733913	0.760767	0.554063	0.636314	0.149212	0.382993	0.758547	0.485061	0.438925	0.538558	0.48878	0.42221	0.148325	0.217871	0.315422	0.68658	0.157078	0.711312	0.350248	0.232106	0.515862	0.67407	0.250062	0.363006	0.783671	0.124281	0.772735	
0.466824	0.614936	0.63022	0.725129	0.614058	0.516205	0.486835	0.511147	0.948866	0.486038	0.590923	0.216348	0.725531	0.35586	0.347157	0.911533	0.414933	0.8549	0.677138	1.01763	0.855892	0.550549	0.212613	1.05721	0.521302	0.581414	0.325417	0.689822	0.26179	0.665043	0.274232	0.310084	0.492074	0.648794	0.284704	0.507325	0.478554	0.475116	0.274726	0.785931	1.01327	0.792854	0.787891	0.228316	0.834356	0.394534	0.905233	0.524131	0.567458	0.256464	
0.770995	0.756413	0.0690483	0.104693	0.439026	0.270839	0.462551	0.168488	0.294254	0.444906	0.229393	0.787642	0.0635648	0.313141	0.809617	0.264948	0.884991	0.359381	0.142308	0.413068	0.691097	0.255969	0.644413	0.449989	0.271468	0.0941113	0.911778	0.777264	0.575669	0.148541	0.766071	0.388287	0.173162	0.154767	0.710461	0.533625	0.690553	0.785628	0.900448	0.768532	0.401946	0.423431	0.54641	0.440213	0.186927	0.562142	0.569801	0.295346	0.513979	0.545679	
0.772928	0.77604	0.118917	0.179264	0.366408	0.291448	0.479919	0.10901	0.3573	0.370449	0.268452	0.759916	0.123163	0.283886	0.795427	0.332558	0.872638	0.430982	0.206193	0.486185	0.741438	0.18131	0.623246	0.522574	0.196947	0.11015	0.885372	0.803815	0.560674	0.0951044	0.746606	0.367126	0.151948	0.210748	0.695223	0.55207	0.698507	0.787552	0.867644	0.806125	0.474521	0.485053	0.599368	0.404883	0.256227	0.564653	0.633102	0.220658	0.541365	0.482224	
0.905159	0.840605	0.263318	0.167088	0.660398	0.414182	0.578722	0.420114	0.0745299	0.68835	0.338992	0.988417	0.200336	0.535959	0.981552	0.0268341	1.05051	0.238663	0.222807	0.171083	0.663342	0.495764	0.836643	0.203954	0.5159	0.313077	1.10739	0.837639	0.758628	0.356602	0.950804	0.594018	0.402972	0.254832	0.888055	0.63866	0.81277	0.919166	1.10873	0.789393	0.156681	0.370836	0.521068	0.66404	0.0659473	0.706972	0.482606	0.537727	0.593981	0.79665	
0.224002	0.401641	0.715912	0.798261	0.846439	0.539302	0.413061	0.65537	1.02109	0.725555	0.616318	0.0876809	0.828565	0.465088	0.0744626	0.977095	0.146586	0.846472	0.730671	1.04233	0.711942	0.739346	0.124991	1.08026	0.713803	0.674868	0.160629	0.481253	0.194809	0.818978	0.00336378	0.381203	0.598565	0.698379	0.0713632	0.392288	0.277196	0.227405	0.198247	0.598517	1.04279	0.745106	0.688759	0.359188	0.907537	0.27634	0.820247	0.724357	0.461257	0.516509	
0.0395719	0.223718	0.717572	0.784984	0.947807	0.51836	0.345094	0.702193	0.995242	0.837595	0.586604	0.274513	0.833993	0.513977	0.13366	0.948569	0.154314	0.774498	0.709039	0.983295	0.559821	0.811051	0.233978	1.01871	0.789754	0.685507	0.304968	0.302505	0.241168	0.860857	0.184223	0.42581	0.626006	0.676843	0.153408	0.295128	0.127728	0.0402283	0.369363	0.42647	0.986969	0.65306	0.566083	0.444603	0.887688	0.218608	0.699496	0.805325	0.357415	0.656225	
0.653552	0.754932	0.473693	0.568391	0.343931	0.451406	0.525859	0.312134	0.773938	0.217078	0.505104	0.476654	0.539425	0.257681	0.581772	0.74512	0.657841	0.764398	0.54659	0.882159	0.900542	0.30099	0.407038	0.920882	0.270832	0.425094	0.593572	0.817	0.401549	0.436913	0.511777	0.288905	0.341463	0.526793	0.494928	0.577603	0.627957	0.665475	0.544851	0.881905	0.873562	0.748099	0.794625	0.212223	0.666722	0.501884	0.885749	0.267233	0.615881	0.0666207	
