10	30
132.113	46.2925
117.093	70.72
155.78	39.9019
71.7131	16.1938
133.573	117.603
87.0803	48.664
140.6	77.0006
66.3796	58.0894
33.3766	57.7677
51.251	42.0616
9.70187
2.40484
2.47063
17.2228
15.8432
8.45081
10.3813
9.19784
7.74148
19.9594
13.1556
0.178196
6.58135
6.1553
3.04482
7.95193
1.98671
2.30938
7.70294
14.3928
20.5242
16.8296
18.2065
6.70163
1.07208
11.79
5.94447
10.5474
19.5032
9.1951
0.243114	0.544694	0.131333	0.686399	0.142256	0.757645	0.640808	0.11556	0.525406	0.256556	0.567501	0.474691	0.151509	0.208303	0.997181	0.744952	0.574608	0.370779	0.776164	0.748598	0.296171	0.234786	0.866469	0.442992	0.779128	0.916504	0.956433	0.832727	0.677522	0.419594	
0.75246	0.692775	0.730483	1.17251	0.773839	0.914367	0.213224	0.770369	1.11085	0.644824	0.933046	0.379554	0.715667	0.762516	0.810123	1.20973	0.636344	0.488416	0.153776	0.211404	0.920801	0.988682	0.663762	1.01463	0.07686	0.877364	0.731059	0.956625	0.663186	0.928217	
0.274955	0.437881	0.0414063	0.64191	0.044841	0.664852	0.553362	0.0099738	0.495644	0.23469	0.490811	0.386562	0.0495393	0.243401	0.887816	0.69894	0.463944	0.298285	0.676364	0.645206	0.253847	0.247719	0.754376	0.402094	0.688693	0.813176	0.845053	0.739956	0.567556	0.358109	
0.532308	0.589055	0.524129	1.04249	0.576048	0.843598	0.0485232	0.567687	0.956156	0.424825	0.811533	0.177591	0.511568	0.542221	0.830444	1.08651	0.545687	0.272446	0.21894	0.240663	0.744994	0.796528	0.670722	0.856487	0.155416	0.858607	0.755223	0.899122	0.604657	0.774937	
1.1351	0.465348	0.910054	0.651176	0.865222	0.292985	0.871964	0.896873	0.745399	1.03279	0.515329	0.84985	0.889417	1.11383	0.130556	0.640181	0.45343	0.919507	0.772296	0.718833	0.781757	0.912373	0.257065	0.720009	0.88045	0.0903867	0.201694	0.240568	0.353085	0.664833	
0.642977	0.230278	0.396514	0.308999	0.324705	0.32698	0.706019	0.36062	0.234599	0.580143	0.122342	0.573829	0.38312	0.612378	0.634699	0.358504	0.293862	0.55763	0.744168	0.692527	0.17709	0.306866	0.549604	0.150366	0.807111	0.516738	0.619984	0.399788	0.357923	0.0662113	
0.927481	0.292745	0.683195	0.327604	0.620662	0.0514956	0.834157	0.655945	0.413954	0.845884	0.198334	0.749886	0.665951	0.899967	0.406111	0.328779	0.330539	0.777848	0.802605	0.744906	0.485938	0.612261	0.398307	0.397923	0.894295	0.254832	0.42672	0.0955457	0.294128	0.358064	
0.887656	0.230006	0.647518	0.388022	0.59091	0.0399511	0.761083	0.625153	0.449309	0.799527	0.211422	0.684168	0.628902	0.861875	0.356089	0.396781	0.259333	0.720079	0.72439	0.666646	0.481029	0.610913	0.326933	0.415876	0.817314	0.21795	0.365403	0.109982	0.215134	0.360615	
0.331303	0.548938	0.345166	0.94525	0.409351	0.818189	0.217846	0.39334	0.833305	0.22273	0.733311	0.10989	0.337147	0.340097	0.890141	0.995431	0.525576	0.0880512	0.391489	0.390192	0.603063	0.631002	0.730077	0.732797	0.354588	0.882434	0.822638	0.883959	0.610818	0.660736	
0.321572	0.596085	0.3692	0.986291	0.437783	0.865438	0.238725	0.418795	0.870415	0.223601	0.777284	0.155375	0.363578	0.335047	0.936164	1.03719	0.573229	0.122435	0.417678	0.421786	0.637147	0.657632	0.775826	0.77017	0.369375	0.929928	0.86803	0.931439	0.658439	0.700211	
