15	30
23.3419	80.6132
61.0555	20.1957
170.044	88.8861
1.32236	117.519
135.328	122.436
119.737	49.6516
65.7817	72.8483
167.403	55.701
84.546	153.692
25.8477	47.1063
116.475	147.49
104.333	71.7881
53.2527	127.043
155.215	104.206
161.909	134.602
27.2499
44.0584
10.8339
16.5393
2.06542
42.443
28.3874
30.3718
7.27095
23.404
8.9414
27.5923
9.0686
14.7392
27.9415
6.29086
35.0708
52.8565
28.9971
9.31467
1.57625
27.5543
29.5165
20.4047
37.583
9.71934
37.2146
39.5381
12.9275
27.4168
0.684873	0.33107	0.597857	0.292743	0.44938	0.245096	0.42746	0.434758	0.393891	0.176156	0.351377	0.652229	0.813136	0.98911	0.135208	0.694531	0.448523	0.60331	0.447893	0.417845	0.362747	0.876686	0.480895	0.63859	0.734229	0.186281	0.142133	0.648403	0.364273	0.30149	
0.588307	0.373186	0.0658535	0.736347	0.209791	0.335826	0.148305	0.548098	0.558526	0.582979	0.240861	0.918465	0.532939	0.637862	0.621569	0.142934	0.86002	0.294547	0.620356	0.477251	0.246787	0.685786	0.419498	0.0682175	0.550188	0.675578	0.553969	0.144706	0.366828	0.275839	
0.591804	0.324344	0.700893	0.100484	0.48813	0.376219	0.524871	0.327069	0.279487	0.367157	0.47794	0.465063	0.761596	0.944424	0.0595817	0.797849	0.256692	0.756968	0.310762	0.341998	0.497996	0.789103	0.42902	0.730707	0.661991	0.0219602	0.335157	0.764496	0.536508	0.416743	
0.51389	0.180907	0.545848	0.235568	0.334779	0.239112	0.370314	0.264758	0.226306	0.328528	0.33266	0.52874	0.651649	0.831001	0.123037	0.642459	0.378523	0.618685	0.286029	0.247017	0.355864	0.706812	0.31579	0.574521	0.566529	0.170372	0.28716	0.611367	0.419724	0.269612	
0.474939	0.491798	0.915446	0.285159	0.650338	0.676257	0.757979	0.31752	0.300998	0.737352	0.755004	0.0924774	0.696195	0.865878	0.426869	1.00227	0.175707	1.0426	0.243326	0.386855	0.782273	0.640511	0.466681	0.925076	0.573589	0.386609	0.702413	0.99202	0.86264	0.692498	
0.329142	0.24847	0.325395	0.615082	0.131697	0.391385	0.269022	0.344813	0.372069	0.64599	0.357059	0.704467	0.301996	0.449343	0.550796	0.383437	0.704487	0.541293	0.418495	0.27949	0.381968	0.437091	0.194422	0.307279	0.29423	0.590068	0.606499	0.403207	0.523773	0.341397	
0.619562	0.439893	0.080669	0.807725	0.270948	0.409607	0.222749	0.60579	0.619805	0.653308	0.312126	0.975853	0.537176	0.62199	0.695558	0.0909484	0.928307	0.310907	0.679126	0.535101	0.315215	0.697482	0.469589	0.0257993	0.57062	0.749104	0.625548	0.1283	0.425737	0.349976	
0.576338	0.304466	0.126184	0.652813	0.16568	0.239713	0.0526267	0.49407	0.497548	0.489121	0.14737	0.861143	0.558324	0.684318	0.531161	0.22273	0.782826	0.284783	0.56323	0.424405	0.157701	0.698596	0.382633	0.15899	0.554332	0.586555	0.459038	0.197039	0.289636	0.17976	
0.366567	0.486225	0.459585	0.830387	0.372507	0.631878	0.48254	0.523488	0.563098	0.889791	0.581794	0.833886	0.180372	0.232847	0.786905	0.468108	0.894925	0.696641	0.588688	0.474474	0.602306	0.347571	0.380332	0.415099	0.275019	0.820766	0.851018	0.518761	0.742091	0.577875	
0.271597	0.45856	0.520105	0.775674	0.378913	0.637235	0.510577	0.458485	0.501763	0.887564	0.603243	0.745976	0.0823249	0.20333	0.750189	0.543189	0.826176	0.754415	0.517889	0.419115	0.627076	0.25058	0.328288	0.482034	0.176201	0.777947	0.846922	0.586684	0.7689	0.588626	
0.313054	0.57241	0.634871	0.866406	0.50258	0.760031	0.634226	0.544234	0.590314	1.00815	0.727285	0.787887	0.0970151	0.0869394	0.855691	0.648723	0.900391	0.871043	0.594832	0.515681	0.751046	0.20271	0.430732	0.593146	0.215222	0.87888	0.967085	0.697468	0.892843	0.712206	
0.699264	0.369408	0.2071	0.655792	0.286457	0.188947	0.134552	0.570473	0.561929	0.384226	0.0912064	0.920798	0.704004	0.834822	0.511581	0.29185	0.800975	0.197309	0.631438	0.506468	0.0669632	0.837253	0.488197	0.261232	0.689465	0.571021	0.363332	0.23292	0.144308	0.154551	
0.806514	0.519325	0.176145	0.826423	0.397365	0.360311	0.25442	0.717008	0.71468	0.529655	0.259598	1.07754	0.766975	0.868448	0.682938	0.204131	0.96996	0.0609379	0.782814	0.649139	0.238149	0.917571	0.613751	0.224698	0.778164	0.742393	0.516232	0.134043	0.259954	0.322698	
0.52806	0.337055	0.747839	0.0520404	0.509307	0.451555	0.575245	0.270667	0.224505	0.476873	0.54541	0.353335	0.717743	0.900697	0.166152	0.842589	0.165414	0.831788	0.232703	0.307217	0.56895	0.723454	0.401016	0.770718	0.608653	0.126945	0.443152	0.817258	0.626029	0.482138	
0.686389	0.330233	0.591658	0.300219	0.44598	0.238653	0.421757	0.437535	0.397122	0.169865	0.344745	0.658639	0.81268	0.988188	0.142216	0.688228	0.456088	0.595586	0.451875	0.419371	0.355772	0.877716	0.481157	0.632728	0.734763	0.193918	0.135093	0.641717	0.356267	0.295474	
