15	30
19.0322	24.0756
105.506	79.2883
86.8209	144.233
88.4021	125.042
89.7697	23.8294
25.2456	150.761
36.1262	49.5365
100.055	22.7588
152.786	126.389
129.014	58.5141
42.7428	134.422
129.4	71.8846
102.352	45.5449
102.986	14.5295
69.7943	22.305
1.26943
22.3234
24.5003
23.2082
21.5126
21.2986
4.90633
5.46274
14.3801
22.364
18.3026
18.4745
1.92884
18.6683
4.59166
6.77696
5.42788
1.44888
14.2528
13.7398
3.64534
13.4466
0.549569
12.6309
8.51098
3.70066
26.9961
20.1674
9.69431
0.191191
0.715088	0.607728	0.82634	0.637509	0.57489	0.578084	0.64552	0.752219	0.797227	0.379618	0.553247	0.199097	0.757993	0.666074	0.958753	0.568384	0.411995	0.448897	0.356464	0.655546	0.75138	0.459784	0.736731	0.227687	0.235038	0.325785	0.675709	0.0926936	0.437189	0.0966766	
0.74112	0.779989	0.895538	0.592276	0.426534	0.422464	0.634845	0.787464	0.898837	0.550406	0.498742	0.271338	0.782972	0.848111	0.991521	0.461171	0.592941	0.353016	0.419052	0.530835	0.93161	0.30307	0.738054	0.0419941	0.0850033	0.47264	0.550332	0.260324	0.545338	0.241141	
0.143592	0.803232	0.258824	0.33613	0.711268	0.743	0.242081	0.131098	0.417765	0.747179	0.416648	0.655062	0.103451	0.926585	0.147908	0.561301	0.821234	0.581257	1.21022	0.612215	0.948481	0.747945	0.13477	0.893942	0.797357	0.656821	0.614843	0.789701	0.507153	0.765937	
0.450795	0.371454	0.506244	0.502917	0.651485	0.670326	0.449478	0.471812	0.461364	0.186434	0.457713	0.194149	0.490657	0.475534	0.668716	0.564363	0.264855	0.464199	0.661436	0.666283	0.542124	0.581147	0.506332	0.500921	0.441693	0.0695172	0.684109	0.246568	0.104587	0.241275	
0.0803799	0.696231	0.172077	0.348093	0.716788	0.747914	0.234091	0.0324398	0.320029	0.647719	0.411352	0.586478	0.0483276	0.819474	0.17472	0.567718	0.720226	0.565127	1.13809	0.633592	0.841279	0.735584	0.147126	0.84804	0.754138	0.563188	0.639523	0.713771	0.410965	0.692745	
0.747717	0.0680695	0.668319	0.891852	1.06404	1.08135	0.811808	0.739974	0.52669	0.252434	0.862423	0.580528	0.775082	0.0618604	0.88156	0.978607	0.207257	0.878608	0.797195	1.08045	0.133933	0.985055	0.83191	0.839419	0.810355	0.360278	1.09799	0.537846	0.422713	0.558385	
0.2436	0.881731	0.466301	0.118399	0.473	0.504684	0.131709	0.289777	0.59821	0.760078	0.212957	0.560139	0.25002	1.00395	0.398367	0.326481	0.839096	0.376998	1.09737	0.363994	1.04564	0.529333	0.150389	0.727556	0.629793	0.647827	0.365128	0.705661	0.52661	0.675171	
0.588916	0.239153	0.592795	0.668721	0.801611	0.817737	0.609308	0.599684	0.503279	0.0202308	0.624049	0.314467	0.625303	0.323371	0.781544	0.725221	0.0993049	0.619626	0.629219	0.827016	0.399274	0.719372	0.655811	0.583218	0.546758	0.100635	0.84535	0.285179	0.222633	0.300236	
0.629383	0.875294	0.824879	0.415712	0.195602	0.197067	0.491276	0.682822	0.870744	0.657819	0.323007	0.328587	0.666724	0.966187	0.872253	0.238555	0.719396	0.155663	0.652261	0.297918	1.04155	0.0802638	0.598595	0.229815	0.153976	0.551309	0.317129	0.411174	0.560329	0.379212	
0.418331	0.924158	0.646141	0.142253	0.241545	0.27323	0.259161	0.473461	0.747415	0.753391	0.11538	0.473203	0.442059	1.03803	0.621149	0.0979051	0.829963	0.186475	0.951785	0.143525	1.09559	0.308034	0.348549	0.547315	0.454629	0.633715	0.151414	0.61105	0.558066	0.576954	
0.399636	0.451954	0.491662	0.421859	0.572604	0.592747	0.37686	0.428685	0.475016	0.27014	0.373543	0.154049	0.441461	0.558905	0.632427	0.480778	0.347884	0.383401	0.680497	0.582644	0.623451	0.509126	0.443721	0.463769	0.392678	0.151048	0.600285	0.255284	0.123403	0.238725	
0.777389	0.575941	0.867872	0.722321	0.670169	0.672766	0.721352	0.810264	0.821414	0.357479	0.641027	0.270406	0.819987	0.618303	1.01507	0.663094	0.371869	0.543356	0.2987	0.751065	0.705754	0.553974	0.807435	0.304785	0.327202	0.334657	0.77123	0.129357	0.468182	0.155235	
0.806118	0.26022	0.788938	0.881173	0.971549	0.983155	0.827057	0.814045	0.675619	0.198946	0.829468	0.479804	0.841481	0.24892	0.988038	0.914838	0.122544	0.801814	0.57375	1.01513	0.336582	0.874263	0.874606	0.677723	0.670608	0.309798	1.03434	0.387741	0.440978	0.416994	
0.722419	0.485032	0.795105	0.698383	0.695623	0.702247	0.682948	0.750894	0.739176	0.265588	0.624261	0.242301	0.764325	0.53223	0.9528	0.668506	0.282217	0.548975	0.375991	0.76237	0.618949	0.586794	0.76146	0.368343	0.369436	0.250809	0.782421	0.101865	0.392964	0.136386	
0.739133	0.643096	0.856408	0.649564	0.565002	0.566283	0.66354	0.777716	0.830621	0.415346	0.562974	0.223502	0.782053	0.699708	0.984479	0.567928	0.446234	0.449531	0.337117	0.651812	0.785401	0.446959	0.75714	0.199344	0.219108	0.361551	0.671923	0.12855	0.470267	0.129427	
