10	20
85.3505	119.265
108.605	114.382
112.302	90.9491
4.12929	75.4603
114.18	70.9244
23.1381	143.474
113.246	158.293
141.983	146.698
121.739	34.9064
96.6027	119.743
15.0898
22.5817
44.7306
47.1027
40.319
45.3203
2.01352
30.3368
11.832
31.2704
36.9864
36.5548
9.48078
6.89774
32.8183
9.75887
12.7399
36.3196
30.9666
33.9282
0.610444	0.179279	0.344569	0.371224	0.225916	0.660662	0.667536	0.722747	0.813633	0.164979	0.283538	0.21594	0.39022	0.281417	0.25706	0.672502	0.667219	0.512851	0.608909	0.620505	
0.119434	0.794741	0.920495	0.524072	0.622523	0.199357	0.826814	0.370605	0.565265	0.839601	0.427594	0.890061	0.516133	0.43673	0.535435	0.481399	0.325106	0.622853	0.335557	0.0946119	
0.632308	0.580548	0.740101	0.690528	0.592769	0.810349	1.04514	0.940237	1.08684	0.347925	0.42646	0.5821	0.235703	0.497763	0.267448	0.944365	0.875198	0.858565	0.828757	0.696587	
0.476887	0.237907	0.376388	0.181586	0.0934984	0.476473	0.529512	0.52549	0.61843	0.362352	0.183006	0.335347	0.405154	0.125575	0.277066	0.476112	0.471424	0.342188	0.412548	0.463335	
0.531254	0.225686	0.391614	0.325625	0.201931	0.586796	0.654952	0.658286	0.761382	0.227835	0.204337	0.285252	0.335197	0.205975	0.198059	0.618369	0.600541	0.481325	0.543271	0.541856	
0.701694	0.0431696	0.203745	0.357945	0.199626	0.706611	0.578181	0.735387	0.793103	0.238171	0.382406	0.102156	0.527644	0.351776	0.391877	0.660017	0.687861	0.460977	0.628274	0.695298	
0.74013	0.0465624	0.123276	0.343221	0.198536	0.715356	0.506489	0.722486	0.758691	0.32291	0.433897	0.120494	0.603647	0.388569	0.466521	0.632983	0.680954	0.414959	0.621981	0.722892	
0.185541	0.897947	1.03589	0.65831	0.738105	0.353393	0.977602	0.522039	0.715676	0.900421	0.506624	0.985539	0.521376	0.537126	0.578069	0.635599	0.478914	0.770096	0.489404	0.23132	
0.485724	0.511064	0.561446	0.176988	0.334628	0.303924	0.339035	0.228794	0.266676	0.711926	0.4191	0.619227	0.665062	0.342136	0.573994	0.128667	0.208861	0.145491	0.164261	0.409574	
0.57545	0.168443	0.275745	0.174342	0.0227268	0.53836	0.448188	0.553243	0.611284	0.381044	0.295221	0.2767	0.511689	0.231499	0.378996	0.476579	0.508083	0.291203	0.448673	0.550589	
