15	30
90.5162	61.7253
82.4395	80.9806
34.6145	65.7686
164.134	15.0924
52.18	82.6328
144.684	66.7337
57.6722	22.3306
165.862	143.871
162.016	137.4
73.4227	100.108
51.1208	104.282
67.2754	111.654
111.614	23.8158
124.587	48.6545
158.786	10.7859
16.964
8.08545
16.2462
21.3567
16.6117
16.2936
7.91006
9.59918
4.34918
3.93517
22.4185
11.0193
19.844
17.5924
7.36949
19.7707
3.7145
15.0108
5.15134
20.2214
0.290711
5.00115
22.0495
15.966
8.7877
22.0016
4.85134
8.17158
0.959629
7.06885
1.10609	0.49721	0.515644	0.344213	0.060117	0.83785	1.00009	1.15196	0.981164	1.20288	1.06986	0.837004	0.596878	0.944568	0.58274	0.775415	0.485506	0.659795	0.45616	0.762213	1.15889	1.03712	0.509358	0.778809	0.633764	0.959049	0.889407	0.628053	0.941928	0.637108	
0.327853	0.568151	0.465067	0.573792	0.818484	0.168545	0.221652	0.2734	0.307642	0.324477	0.192034	0.529982	0.313503	0.169483	0.728614	0.145501	0.407378	0.242827	0.45589	0.570913	0.280615	0.164353	0.621811	0.47974	0.637577	0.546478	0.422068	0.515126	0.263533	0.704094	
0.321536	0.663613	0.529332	0.652819	0.906851	0.186546	0.237047	0.191068	0.264991	0.238176	0.105663	0.534955	0.409536	0.126543	0.821155	0.239134	0.48873	0.316823	0.551098	0.652403	0.194216	0.111524	0.676285	0.495066	0.727811	0.604864	0.412823	0.606228	0.308216	0.794395	
0.356214	0.768543	0.602223	0.738196	1.0008	0.243242	0.29946	0.136292	0.243524	0.166439	0.0750764	0.549143	0.513561	0.143399	0.924959	0.343861	0.577856	0.403214	0.653689	0.749576	0.128203	0.1414	0.73734	0.521567	0.830401	0.685347	0.417367	0.709438	0.386206	0.896958	
1.04356	0.48424	0.408757	0.240434	0.0748171	0.742021	0.934044	1.06885	0.878516	1.11852	0.98529	0.725724	0.533128	0.84967	0.603149	0.703842	0.39327	0.56802	0.403204	0.750272	1.07445	0.957597	0.398169	0.668148	0.636175	0.934424	0.780673	0.608792	0.884208	0.650996	
0.963566	0.466654	0.295506	0.130483	0.174225	0.63466	0.851549	0.970433	0.766602	1.01892	0.88596	0.614697	0.459057	0.742668	0.614374	0.618388	0.292272	0.464964	0.346882	0.724479	0.974917	0.86269	0.294859	0.555827	0.628098	0.892572	0.667216	0.579321	0.810137	0.654112	
0.168434	0.511864	0.644632	0.700891	0.883893	0.422225	0.0943921	0.35077	0.558303	0.399793	0.3189	0.779597	0.350127	0.4169	0.618142	0.209469	0.542309	0.428389	0.485146	0.398037	0.369898	0.245083	0.812824	0.724061	0.51221	0.306526	0.677515	0.407863	0.00747633	0.575274	
0.259929	0.467799	0.523903	0.590725	0.794319	0.310672	0.148038	0.344933	0.463508	0.398555	0.286054	0.661852	0.25647	0.325475	0.606173	0.0892517	0.42804	0.305568	0.401297	0.423623	0.359913	0.222261	0.691432	0.604277	0.507485	0.391302	0.565829	0.38935	0.128642	0.573746	
0.487057	0.586899	0.334723	0.472217	0.743343	0.0401622	0.380604	0.386004	0.22072	0.428538	0.300871	0.374639	0.320818	0.141888	0.767508	0.230806	0.317234	0.144456	0.435298	0.656379	0.385826	0.303998	0.478134	0.321276	0.691141	0.67325	0.278723	0.569163	0.411641	0.755462	
0.716708	0.27025	0.257519	0.176284	0.337899	0.466105	0.607311	0.755804	0.631514	0.807384	0.674898	0.591915	0.206841	0.567355	0.454792	0.378674	0.136882	0.284018	0.101805	0.496188	0.763563	0.639708	0.384497	0.521395	0.43126	0.645545	0.590689	0.352329	0.558654	0.475237	
0.329336	0.613557	0.487755	0.605425	0.856268	0.162673	0.231767	0.237892	0.277489	0.287067	0.153836	0.522156	0.357861	0.136278	0.773779	0.190708	0.44028	0.270527	0.499086	0.612588	0.243001	0.140427	0.639369	0.47667	0.682171	0.578761	0.407084	0.559919	0.288249	0.74872	
0.348365	0.340021	0.616278	0.624281	0.754591	0.504869	0.283968	0.534486	0.671036	0.585588	0.489861	0.830588	0.269543	0.536626	0.427982	0.244439	0.489172	0.43666	0.365254	0.21283	0.552385	0.419277	0.782894	0.766	0.321454	0.209955	0.752266	0.222797	0.186597	0.384277	
0.782225	0.616497	0.105699	0.274122	0.559442	0.323169	0.669856	0.690913	0.400956	0.72967	0.606929	0.239186	0.417347	0.422156	0.80668	0.462575	0.228087	0.242395	0.433462	0.792015	0.688543	0.612289	0.173504	0.172404	0.766462	0.88012	0.278904	0.663955	0.675192	0.818999	
0.479717	0.811589	0.556533	0.709877	0.987201	0.208821	0.413207	0.253416	0.126866	0.268992	0.200503	0.442847	0.546525	0.107254	0.981256	0.401384	0.561485	0.390457	0.674527	0.829468	0.240188	0.261457	0.671724	0.425702	0.893769	0.78847	0.308123	0.770751	0.491056	0.960069	
1.09332	0.516431	0.461856	0.294722	0.0702944	0.796675	0.984569	1.12265	0.932552	1.17248	1.03925	0.774013	0.582522	0.904325	0.621826	0.755392	0.447727	0.62253	0.449032	0.783114	1.12841	1.01083	0.442134	0.717881	0.662853	0.972384	0.832386	0.644001	0.932593	0.672786	
