10	40
143.995	49.25
126.208	101.382
83.2684	95.7296
22.2302	103.15
162.897	92.1768
26.0482	157.724
90.2829	44.3626
109.552	40.0926
83.8299	122.196
60.2007	126.194
10.8982
8.73489
1.64454
2.73055
12.0116
2.43716
0.374932
8.5016
2.57957
5.66777
0.389469
14.2554
7.31383
12.2485
2.12386
17.5356
3.92387
7.50197
16.0469
2.14143
6.6298
14.5234
0.676415
8.55824
15.2316
15.3885
14.0043
10.5298
0.0527105
3.18732
0.345921
4.49744
8.82201
6.95529
16.7096
4.61431
12.5148
12.7297
9.11245
6.60751
0.832693	0.237264	0.269565	0.838335	0.949793	0.798661	0.686549	0.427132	0.9368	0.688427	0.264658	0.52755	0.854118	0.876934	0.885709	0.692244	1.06999	0.915179	1.0839	0.52107	0.204708	1.0398	0.898072	1.26468	0.589934	0.878178	1.16858	0.678154	0.544382	0.788349	0.902456	0.741258	0.361599	0.240354	0.188192	0.826133	0.134964	0.342659	0.570424	0.673701	
0.617015	0.287762	0.128206	0.462879	0.564596	0.413389	0.700934	0.144924	0.553156	0.314126	0.272317	0.639739	0.93796	0.663132	0.505581	0.41669	0.823202	0.535058	0.811655	0.138943	0.192728	0.81976	0.631383	1.01918	0.362949	0.885327	0.900127	0.793724	0.219673	0.479636	0.670962	0.762231	0.0530928	0.191882	0.450194	0.680243	0.329456	0.523591	0.640037	0.518231	
0.625185	0.313282	0.152795	0.448934	0.545662	0.392564	0.722205	0.159633	0.531239	0.28981	0.297726	0.664087	0.960591	0.671052	0.489767	0.421216	0.826963	0.51917	0.812847	0.125148	0.216407	0.826039	0.63436	1.02221	0.373953	0.905404	0.901312	0.817615	0.221941	0.478845	0.677201	0.783412	0.0773699	0.202819	0.475074	0.693326	0.34383	0.549074	0.663409	0.532361	
0.341027	0.354514	0.469916	0.675634	0.837534	0.760192	0.178814	0.396426	0.892111	0.752199	0.337103	0.24051	0.430303	0.371683	0.735403	0.359316	0.5704	0.757106	0.61527	0.543626	0.471625	0.515138	0.45884	0.745285	0.265886	0.355731	0.684064	0.333186	0.42065	0.463229	0.412849	0.23789	0.479132	0.613651	0.436501	0.266838	0.654461	0.323623	0.18624	0.169845	
0.44635	0.151362	0.246266	0.588606	0.73826	0.626879	0.385142	0.206927	0.76881	0.583651	0.125664	0.332024	0.619385	0.489679	0.646788	0.339769	0.685758	0.673373	0.706881	0.366521	0.250248	0.651869	0.524396	0.878428	0.224615	0.574456	0.788717	0.479746	0.281423	0.448913	0.517665	0.446577	0.265939	0.390087	0.299968	0.441627	0.442103	0.272228	0.323259	0.285371	
0.598097	0.505565	0.666065	0.969931	1.13128	1.04663	0.16172	0.649682	1.18202	1.02314	0.505583	0.132583	0.195803	0.615526	1.02978	0.653839	0.795025	1.05182	0.856527	0.80751	0.640367	0.723383	0.72693	0.938093	0.559177	0.264567	0.910274	0.0382568	0.700078	0.755577	0.661466	0.16116	0.707267	0.78519	0.472721	0.472626	0.77339	0.316346	0.122397	0.450778	
0.928361	0.336484	0.335973	0.897449	0.996917	0.840472	0.789061	0.502219	0.973416	0.718728	0.362213	0.625865	0.950562	0.973172	0.941053	0.778262	1.16383	0.97053	1.17427	0.574329	0.278208	1.13647	0.987992	1.35955	0.68062	0.980006	1.25996	0.77339	0.617605	0.8697	0.997013	0.843186	0.422288	0.259176	0.282773	0.927182	0.116004	0.439164	0.671307	0.772858	
0.673645	0.111209	0.105158	0.668128	0.787261	0.642146	0.600485	0.252163	0.783774	0.546268	0.123869	0.482186	0.805613	0.719057	0.717576	0.520423	0.907068	0.746903	0.916154	0.358535	0.0404337	0.882591	0.729852	1.1034	0.42283	0.794912	1.00203	0.640993	0.36951	0.614146	0.741005	0.66013	0.197181	0.172197	0.22245	0.685317	0.197327	0.326555	0.505003	0.525581	
0.426516	0.401697	0.540952	0.786638	0.948544	0.869487	0.0879845	0.491475	1.00243	0.856169	0.391607	0.1572	0.326132	0.450034	0.846395	0.469166	0.641066	0.868007	0.694734	0.64423	0.530739	0.576905	0.551697	0.802287	0.376766	0.282216	0.756496	0.222883	0.526924	0.571133	0.494406	0.148752	0.564223	0.676658	0.437657	0.320726	0.696472	0.297763	0.0892182	0.268643	
0.929539	0.343765	0.324283	0.878854	0.97394	0.816194	0.807895	0.492215	0.947339	0.691564	0.367574	0.649857	0.976027	0.974803	0.920972	0.772729	1.16309	0.950389	1.17085	0.554875	0.27099	1.13831	0.984528	1.3595	0.678476	1.00007	1.25718	0.799598	0.605951	0.861206	0.997101	0.863114	0.406933	0.233443	0.308738	0.934522	0.0884005	0.464363	0.692769	0.777906	
