10	30
105.221	95.39
27.4485	52.7008
119.796	54.2203
112.981	24.5284
113.152	103.027
135.743	35.1194
48.0117	79.7329
1.58277	43.7967
86.3422	23.5143
53.4916	144.401
11.2477
6.04379
9.22963
13.897
10.6089
12.7671
8.54532
10.8016
4.77584
11.3027
6.11808
5.07436
11.9393
7.2102
8.49426
8.57357
10.0527
3.52696
2.05939
4.57391
4.10738
8.84817
0.575034
4.33301
0.703309
3.35388
3.98686
6.63961
7.79787
11.6229
0.418282	0.10237	0.329609	0.312393	0.148671	0.199532	0.239177	0.387256	0.422087	0.131987	0.907222	0.74625	0.211743	0.206209	0.237901	0.569808	0.50104	0.645425	0.156783	0.31654	0.388321	0.344847	0.294335	0.436318	0.574589	0.357218	0.288697	0.377806	0.61609	0.230968	
0.328689	0.204093	0.223076	0.241509	0.306098	0.367907	0.353299	0.370852	0.292022	0.0756623	0.940964	0.613443	0.351424	0.333452	0.190539	0.376492	0.390633	0.57077	0.147232	0.189205	0.488623	0.351534	0.183303	0.626212	0.724295	0.157797	0.0902472	0.569324	0.736265	0.146491	
0.352786	0.779724	0.450604	0.905483	0.596141	0.60905	0.500511	0.303452	0.937075	0.691343	0.337313	0.403177	0.896201	0.532926	0.848242	0.658051	0.343571	0.181416	0.554509	0.847039	0.419448	0.342983	0.486116	0.764768	0.61201	0.661585	0.695855	0.747939	0.501544	0.51881	
0.619074	0.73861	0.649287	0.947936	0.491132	0.450196	0.408185	0.477694	1.0402	0.730561	0.422817	0.855429	0.780025	0.436361	0.87413	0.96505	0.678955	0.629683	0.608458	0.932314	0.26708	0.454225	0.658155	0.406972	0.158297	0.85034	0.832663	0.427901	0.0276574	0.638701	
0.204394	0.691749	0.30517	0.757339	0.584902	0.622203	0.517808	0.277635	0.756787	0.575896	0.595984	0.174073	0.830696	0.539083	0.715004	0.412011	0.135388	0.0797217	0.465933	0.683789	0.510878	0.329914	0.345482	0.8445	0.763741	0.468891	0.525778	0.810841	0.682421	0.401102	
0.374663	0.847178	0.480215	0.942177	0.693468	0.715858	0.606069	0.379851	0.953373	0.743635	0.433784	0.295453	0.975579	0.635298	0.893028	0.614692	0.330487	0.135765	0.617067	0.87399	0.546962	0.428676	0.519788	0.894695	0.755092	0.667163	0.716949	0.873091	0.646739	0.565767	
0.478436	0.106745	0.392635	0.332248	0.157308	0.191381	0.25893	0.436758	0.453003	0.187133	0.935013	0.808829	0.1639	0.223523	0.259498	0.632669	0.562531	0.700861	0.218833	0.35196	0.403811	0.391113	0.358125	0.397615	0.561449	0.417604	0.3454	0.338405	0.616596	0.294619	
0.683288	0.392908	0.62622	0.6097	0.288862	0.24187	0.346308	0.587159	0.739379	0.481605	0.926533	1.01825	0.332965	0.324548	0.542784	0.910618	0.771774	0.858716	0.465044	0.644009	0.412958	0.534444	0.601663	0.151176	0.401771	0.70552	0.638989	0.111033	0.510471	0.542048	
0.456152	0.230397	0.392076	0.453128	0.0620617	0.0657844	0.157184	0.378907	0.566712	0.271487	0.827184	0.792856	0.270918	0.123094	0.379009	0.677771	0.544459	0.652676	0.230169	0.461454	0.288749	0.327584	0.366484	0.295532	0.435452	0.479624	0.421139	0.238423	0.490549	0.306762	
0.351531	0.664765	0.418254	0.827333	0.447721	0.446754	0.345293	0.232823	0.885159	0.6019	0.347433	0.540719	0.761539	0.380536	0.761371	0.699695	0.38922	0.313654	0.460588	0.784401	0.235577	0.243668	0.442577	0.574289	0.42047	0.638808	0.649488	0.561506	0.319078	0.45176	
