10	20
166.603	105.203
51.9319	129.754
48.9124	159.14
153.508	72.6381
20.6553	153.823
168.072	75.9717
89.8005	154.619
27.817	72.2934
54.6615	157.796
46.1264	145.807
27.0767
19.914
17.4168
11.3258
12.6771
3.52989
20.0904
18.0852
31.689
22.8479
14.1325
16.2503
34.9424
16.1161
34.1219
6.02975
27.9084
27.7391
36.4472
10.6742
0.535186	0.931431	0.34874	0.697153	0.824058	0.474711	0.837071	0.526944	0.209219	0.824727	0.338392	0.428909	0.474065	0.78065	0.803613	0.0924639	0.520387	0.669618	0.637956	0.502434	
0.595876	0.289774	0.380568	0.12072	0.426725	0.891544	0.279808	0.257791	0.660763	0.56612	0.44039	0.368661	0.209902	0.733502	0.130216	0.596382	0.217255	0.374116	0.172081	0.871502	
0.441485	0.725033	0.190925	0.499217	0.644705	0.53505	0.636342	0.331571	0.244605	0.673805	0.187842	0.255174	0.272329	0.683659	0.596345	0.127255	0.331783	0.494893	0.434984	0.541424	
0.170769	0.700621	0.737636	0.786957	0.377574	0.472068	0.551303	0.436248	0.51139	0.236569	0.420117	0.390437	0.653308	0.077822	0.713326	0.62818	0.743406	0.311923	0.503485	0.418811	
0.436367	0.975779	0.497051	0.80523	0.800737	0.283184	0.859036	0.552743	0.10812	0.761691	0.338096	0.432924	0.578062	0.665049	0.874585	0.200235	0.644828	0.647786	0.675888	0.316544	
0.38014	0.344555	0.422481	0.341379	0.258789	0.708732	0.228634	0.0830676	0.526734	0.36031	0.295495	0.20124	0.267912	0.507728	0.28393	0.5182	0.340845	0.155336	0.0587359	0.680273	
0.263372	0.45399	0.430499	0.440703	0.279875	0.592759	0.323052	0.0864685	0.431723	0.321824	0.209931	0.116106	0.31145	0.417691	0.402233	0.452609	0.398438	0.128525	0.176455	0.562769	
0.160492	0.546426	0.591184	0.610827	0.258055	0.530777	0.398288	0.263958	0.465359	0.196613	0.302659	0.243435	0.487504	0.240426	0.541554	0.541657	0.575621	0.145401	0.327633	0.487658	
0.315901	0.503365	0.311194	0.392306	0.39352	0.582807	0.394835	0.0831687	0.367955	0.442787	0.137115	0.0627617	0.214576	0.514463	0.409788	0.352497	0.306041	0.248105	0.203328	0.563677	
0.544203	0.156134	0.621939	0.399644	0.187142	0.904041	0.011175	0.314708	0.752572	0.355846	0.52383	0.427887	0.449147	0.579496	0.230482	0.749681	0.49241	0.250547	0.20802	0.867786	
