10	50
27.5935	32.8711
43.1581	47.1737
43.2662	13.389
39.7986	19.3955
70.3698	93.1506
55.6089	91.4465
70.6074	109.512
23.8315	135.856
37.5867	129.082
15.898	26.9466
4.35787
2.25808
7.32834
13.1194
13.6025
6.79526
3.76684
13.3564
0.140069
0.811268
14.5344
7.9489
3.40323
5.89784
2.77075
10.5035
12.3045
7.07661
6.03715
12.1214
2.45489
0.452217
14.6476
11.4018
3.54724
7.80075
8.53723
8.31355
11.8917
11.2675
3.65199
10.3949
1.15909
5.94915
1.3784
1.08406
11.4976
13.6226
10.3856
8.72569
0.374111
6.60851
0.926874
0.676867
12.0767
4.56697
8.11559
7.54876
2.26025
9.95876
0.304809	0.184421	0.610534	0.490407	0.272703	0.327178	0.372711	0.492034	0.325119	0.439224	0.668776	0.127054	0.700386	0.608762	0.434117	0.41022	0.374454	0.578507	0.308276	0.277268	0.110791	0.410312	0.677951	0.289412	0.626215	0.244776	0.422021	0.302326	0.673483	0.269966	0.46078	0.61044	0.159954	0.547064	0.545143	0.644171	0.781273	0.670473	0.320467	0.595067	0.293204	0.473606	0.657718	0.758351	0.511527	0.47962	0.131486	0.17924	0.226318	0.670536	
0.501348	0.87358	0.45347	0.704867	0.961042	0.958873	0.378928	0.409778	1.00543	0.806388	0.704246	0.579201	0.0209907	0.838584	0.340338	0.766561	0.886262	0.356473	0.393414	0.469193	0.603078	0.294647	0.633109	0.65309	0.535644	0.493384	1.02148	0.929479	0.111423	0.554798	0.511621	0.777834	0.713084	0.621304	0.845471	0.22675	0.0886733	0.128929	0.661972	0.819979	0.654973	0.493132	0.0592632	0.0828842	0.281886	0.833867	0.716817	0.51739	0.83625	0.309102	
0.210925	0.669222	0.782835	0.860514	0.748453	0.598363	0.524155	0.668263	0.698494	0.327254	0.971351	0.396768	0.509539	0.319652	0.217053	0.840306	0.45787	0.694401	0.328208	0.520698	0.403013	0.323888	0.935745	0.693513	0.845506	0.289355	0.930561	0.572391	0.585969	0.604688	0.719666	0.975926	0.404761	0.84844	0.335892	0.318512	0.573877	0.409259	0.721073	0.301221	0.260747	0.715887	0.460176	0.529332	0.241632	0.342503	0.429123	0.438836	0.732674	0.276294	
0.589264	0.454442	0.34206	0.0884496	0.505153	0.706969	0.322404	0.291236	0.654729	0.828375	0.280241	0.433051	0.70156	0.981836	0.617164	0.0848068	0.776847	0.380768	0.470418	0.276258	0.443104	0.5256	0.315336	0.113603	0.307782	0.508227	0.407497	0.687172	0.605386	0.186298	0.190569	0.208253	0.556931	0.180214	0.929021	0.764914	0.76609	0.735688	0.0821456	0.965793	0.658697	0.212783	0.682029	0.767242	0.665398	0.86937	0.531232	0.35748	0.311173	0.828489	
0.703722	0.758443	0.082737	0.285206	0.822443	0.977689	0.344263	0.192761	0.952479	1.00834	0.179893	0.619301	0.554297	1.12509	0.645713	0.407807	1.00298	0.182976	0.545283	0.396719	0.639422	0.537105	0.100297	0.401537	0.0267611	0.635256	0.740437	0.953237	0.42552	0.381327	0.190338	0.2896	0.775818	0.162851	1.09277	0.702445	0.590483	0.633839	0.382175	1.10681	0.825699	0.177791	0.559682	0.611287	0.655748	1.04757	0.758284	0.52015	0.633486	0.783927	
0.618052	0.194902	0.927586	0.714986	0.129201	0.233316	0.724507	0.822262	0.101867	0.560783	0.912362	0.478236	1.0611	0.741044	0.77402	0.592813	0.410004	0.915788	0.665284	0.624607	0.455731	0.767462	0.948104	0.547759	0.922502	0.582966	0.353123	0.244635	1.03431	0.584747	0.76462	0.81349	0.384205	0.811471	0.658981	0.987457	1.14219	1.0247	0.569469	0.735476	0.524485	0.782543	1.01732	1.1178	0.853695	0.587751	0.365581	0.540561	0.323453	1.00031	
0.236311	0.458273	0.851201	0.82072	0.521354	0.31823	0.574336	0.725327	0.431696	0.0953289	0.977159	0.306643	0.726791	0.254562	0.390167	0.758397	0.171341	0.784924	0.389225	0.51943	0.293778	0.45549	0.966103	0.624017	0.892809	0.2832	0.745817	0.29486	0.764494	0.567864	0.73715	0.942591	0.198165	0.850069	0.192815	0.573405	0.802448	0.64691	0.655431	0.2416	0.0880733	0.742128	0.675789	0.763515	0.457514	0.135469	0.228695	0.398964	0.569169	0.551954	
0.631563	0.519783	0.300993	0.0323342	0.569763	0.771301	0.335462	0.273245	0.720071	0.883275	0.214898	0.48467	0.697115	1.03241	0.644604	0.126447	0.837272	0.354159	0.502662	0.307844	0.496587	0.547466	0.252867	0.173853	0.255795	0.551152	0.459865	0.751138	0.592331	0.22794	0.169221	0.152633	0.615192	0.121058	0.982228	0.778079	0.75699	0.740803	0.143429	1.01595	0.710464	0.189751	0.682132	0.762161	0.68674	0.924252	0.590356	0.402717	0.375589	0.845932	
0.393831	0.643166	1.02823	1.01963	0.695698	0.444922	0.751559	0.903866	0.574237	0.121291	1.17055	0.504208	0.831121	0.0658145	0.509145	0.95973	0.266401	0.95378	0.554567	0.708218	0.493234	0.59833	1.15441	0.824376	1.07629	0.459998	0.933624	0.430854	0.893838	0.764121	0.92596	1.14141	0.396828	1.04327	0.0179198	0.645183	0.898671	0.734699	0.855697	0.0642178	0.278569	0.929017	0.780713	0.854883	0.557234	0.0879575	0.42699	0.591792	0.765294	0.598389	
0.690503	0.334443	0.617157	0.323046	0.336201	0.608076	0.545438	0.557579	0.512648	0.833719	0.508487	0.504549	0.93837	1.01042	0.776102	0.196453	0.73388	0.65121	0.625517	0.463465	0.500567	0.708652	0.567251	0.271071	0.578505	0.615312	0.140632	0.59835	0.858229	0.370752	0.462423	0.387898	0.558004	0.443081	0.941697	0.959987	1.0099	0.951835	0.265471	0.997764	0.699672	0.484652	0.910541	1.00384	0.841166	0.872453	0.527495	0.478277	0.188668	1.00915	
