15	40
37.0789	51.2037
58.9111	62.3029
50.7233	68.029
42.1865	52.1409
16.248	150.943
60.9655	135.371
44.3918	87.0701
14.7344	87.6638
63.8807	63.7454
22.5357	42.9851
77.7443	126.001
73.4772	88.0793
32.8628	154.17
20.9408	135.667
21.3158	76.723
10.2421
5.51715
0.0160602
3.42526
6.1808
12.1231
3.55688
4.3544
6.54775
0.589474
18.8782
15.7984
11.8148
12.987
17.6896
16.9378
11.7213
12.8737
15.8377
9.92599
24.6681
25.9279
16.3644
3.27113
19.9548
15.7303
6.68983
10.4605
17.725
20.0539
2.98415
22.9171
5.83544
1.92983
18.1494
16.2359
3.33287
14.9967
12.4645
3.98895
0.568586	0.555749	0.634607	0.0522395	0.857177	0.561613	0.709828	0.384737	0.211186	0.566075	0.317169	0.7848	0.161414	0.430884	0.333021	0.550737	0.709031	0.430998	0.63715	0.219183	0.359328	0.109057	0.02694	0.656374	0.243821	0.281387	0.323614	0.630954	0.0992454	0.149503	0.413743	0.727528	0.286433	0.30579	0.703183	0.503346	0.718539	0.433792	0.588648	0.208554	
0.347547	0.18304	0.78164	0.440689	0.769136	0.899966	0.806383	0.792627	0.627572	0.810345	0.34159	0.643475	0.575493	0.0196984	0.564486	0.134908	0.487022	0.820705	0.610518	0.648946	0.692967	0.35656	0.437412	0.226212	0.673798	0.565908	0.362553	0.202583	0.361691	0.284042	0.512866	0.591915	0.716664	0.608011	0.691452	0.569207	0.330384	0.344649	0.192281	0.262594	
0.441289	0.65369	0.253829	0.702192	0.175969	0.640019	0.167785	0.77749	0.904256	0.427942	0.967741	0.248891	0.727983	0.769795	1.07738	0.855132	0.393367	0.733937	0.140367	0.82186	0.580374	0.659053	0.776277	0.852775	0.864212	0.524278	0.453352	0.860433	0.796123	0.696498	1.12273	0.245756	0.881213	0.536329	0.0596244	0.24633	0.699032	0.40984	0.693889	0.814243	
0.305009	0.334514	0.516081	0.240341	0.623143	0.618253	0.559556	0.544144	0.471369	0.526039	0.420119	0.533475	0.352297	0.298201	0.552124	0.420264	0.445143	0.558409	0.416668	0.446427	0.415625	0.155154	0.286373	0.489609	0.482188	0.285349	0.0965891	0.475203	0.268348	0.15556	0.57788	0.475665	0.519369	0.328135	0.493059	0.321659	0.488274	0.174118	0.376185	0.266744	
0.136985	0.347256	0.428618	0.542153	0.31816	0.720073	0.407575	0.755305	0.772151	0.543058	0.718088	0.212725	0.621103	0.475033	0.872446	0.551135	0.165713	0.739826	0.171455	0.721806	0.572331	0.469373	0.601107	0.546756	0.762451	0.46043	0.25478	0.553955	0.589504	0.475352	0.885989	0.154996	0.792404	0.493851	0.247498	0.230001	0.408549	0.147679	0.387988	0.57265	
0.796471	0.819462	0.667417	0.26829	0.998357	0.4267	0.764046	0.175415	0.132942	0.533482	0.53787	0.958376	0.149682	0.704147	0.424637	0.823489	0.922065	0.248336	0.776651	0.0547823	0.300439	0.359059	0.269552	0.929518	0.0416302	0.333028	0.522132	0.904218	0.3564	0.420451	0.562087	0.90484	0.0253172	0.320339	0.823922	0.62242	0.980311	0.644697	0.855267	0.471229	
0.635946	0.573473	0.775151	0.195662	0.968322	0.695509	0.846695	0.493936	0.234917	0.709773	0.192167	0.882627	0.283208	0.408625	0.204526	0.511813	0.78379	0.550499	0.753837	0.301838	0.498834	0.215146	0.121059	0.630191	0.308176	0.425072	0.429532	0.599842	0.0808585	0.195886	0.26998	0.824817	0.350871	0.449289	0.824658	0.630712	0.734736	0.522781	0.597465	0.152388	
0.5698	0.76216	0.0520383	0.631432	0.400137	0.430996	0.0601904	0.608095	0.794838	0.220344	0.954653	0.461035	0.615648	0.829232	1.01527	0.93507	0.571403	0.552578	0.281253	0.696422	0.421799	0.617112	0.709341	0.960895	0.736814	0.413095	0.459797	0.960764	0.753345	0.676452	1.08885	0.442193	0.744324	0.407731	0.244588	0.24381	0.845133	0.476543	0.80688	0.802435	
0.454927	0.395509	0.68093	0.19555	0.810009	0.697905	0.73611	0.552846	0.374355	0.656283	0.233941	0.713648	0.330199	0.25434	0.375279	0.374051	0.603964	0.590637	0.605382	0.396024	0.487828	0.12989	0.182741	0.480224	0.419443	0.376923	0.282203	0.454278	0.112978	0.0501638	0.389271	0.656066	0.462519	0.413743	0.681472	0.50323	0.558322	0.354092	0.423492	0.0798061	
0.490342	0.471537	0.61813	0.0916264	0.801071	0.598739	0.684036	0.4488	0.294859	0.573196	0.297828	0.719864	0.226838	0.352931	0.372834	0.47543	0.633619	0.486618	0.585424	0.29883	0.389723	0.0474907	0.100832	0.576979	0.326273	0.287895	0.262251	0.55283	0.090939	0.0669903	0.425486	0.662166	0.368196	0.321099	0.656052	0.463169	0.634287	0.362884	0.504764	0.159924	
0.246076	0.444782	0.313053	0.513433	0.302071	0.615908	0.298762	0.676377	0.734277	0.431016	0.745284	0.246621	0.569696	0.543516	0.872095	0.634555	0.270953	0.652605	0.0903214	0.66961	0.485172	0.455107	0.58145	0.645132	0.711608	0.38704	0.238222	0.648551	0.587418	0.480755	0.905061	0.195965	0.736926	0.414489	0.170006	0.120472	0.521541	0.181852	0.488194	0.59318	
0.698209	0.822165	0.312718	0.429822	0.721349	0.116589	0.41612	0.254979	0.503643	0.14581	0.793087	0.732728	0.345101	0.800417	0.773463	0.924801	0.771616	0.19297	0.528325	0.392067	0.118748	0.469099	0.497104	0.994074	0.425543	0.225635	0.452465	0.981014	0.572785	0.54948	0.882985	0.692315	0.419796	0.185725	0.541831	0.385447	0.955087	0.548567	0.867245	0.663664	
0.113975	0.139326	0.67093	0.604219	0.507099	0.91908	0.655379	0.898609	0.830866	0.765734	0.642703	0.367932	0.718448	0.330248	0.845915	0.357382	0.190845	0.900977	0.417455	0.812961	0.741392	0.514712	0.637929	0.31724	0.848246	0.613599	0.365039	0.332641	0.591623	0.479932	0.816703	0.328027	0.885882	0.654201	0.488748	0.459589	0.162239	0.254267	0.164063	0.528288	
0.755934	0.81308	0.549903	0.286182	0.907048	0.298016	0.64956	0.0713861	0.251271	0.406453	0.616582	0.881947	0.152394	0.727248	0.539181	0.851589	0.868122	0.127751	0.689908	0.139446	0.179817	0.366355	0.32098	0.946938	0.164146	0.248973	0.477717	0.9254	0.410505	0.441843	0.667348	0.83143	0.152888	0.223249	0.728567	0.533808	0.968165	0.599104	0.852971	0.52198	
0.74043	0.604299	1.00415	0.444478	1.13018	0.952582	1.06469	0.745464	0.458863	0.957221	0.0975019	1.0229	0.540103	0.405303	0.217175	0.451486	0.889113	0.805302	0.932906	0.548111	0.754181	0.433076	0.37578	0.574805	0.545459	0.670649	0.612496	0.539407	0.303807	0.37397	0.0976474	0.966596	0.584721	0.699094	1.01032	0.833735	0.743862	0.67194	0.60959	0.251175	
