15	40
21.045	155.534
79.9222	122.871
27.8519	60.8582
21.2484	42.305
79.0852	114.963
75.1022	52.4487
10.9919	63.3004
28.2455	116.259
74.7586	77.7632
70.2156	126.57
75.3853	157.412
76.6395	157.024
87.4669	68.4394
61.6549	77.7562
56.6113	123.929
8.15994
10.4612
14.2564
2.33538
19.1659
18.0099
6.20748
23.6466
1.22961
16.6914
16.1029
11.7215
8.63428
0.392903
3.45047
17.6347
20.4033
18.2427
14.9807
20.2076
17.5095
15.0069
18.2339
2.68498
24.5189
13.4392
14.2072
4.2114
4.54484
6.04271
23.6327
17.0771
11.2103
9.17378
6.40535
18.3948
1.87119
18.4293
14.4964
12.7854
0.495304	0.262522	0.547168	0.0892642	0.484108	0.480158	1.01742	0.671432	0.837541	0.1929	0.633975	0.592576	0.672119	0.6796	1.0275	0.807852	0.701914	0.841003	0.654365	0.325174	0.210826	0.214956	0.413692	0.352255	0.139045	0.284021	0.0934905	0.0873606	0.554495	0.532201	0.645838	0.579624	0.526503	0.224205	0.133875	0.455506	0.723176	0.908515	0.866773	0.264964	
0.378372	0.552941	0.710154	0.738499	0.682919	0.527783	0.401977	0.557512	0.518756	0.671273	0.465971	0.182479	0.619938	0.0569982	0.398818	0.158717	0.564431	0.319473	0.674641	0.453786	0.440212	0.607318	0.343152	0.353837	0.749436	0.839353	0.67765	0.730357	0.0999563	0.39724	0.392904	0.115693	0.219575	0.637525	0.725856	0.37684	0.251367	0.356669	0.385986	0.407984	
0.229869	0.707024	0.934102	0.7801	0.894202	0.358583	0.610269	0.301721	0.231659	0.634029	0.736104	0.456798	0.37131	0.242995	0.588325	0.346451	0.299097	0.596041	0.928161	0.393364	0.524623	0.741302	0.283839	0.34372	0.825044	0.790443	0.757116	0.756999	0.271353	0.649086	0.67013	0.380018	0.469151	0.772258	0.721281	0.259839	0.0596883	0.618501	0.170989	0.432818	
0.151613	0.71755	0.993284	0.682828	0.942101	0.152051	0.8534	0.0770144	0.241419	0.489197	0.86612	0.616432	0.131656	0.459351	0.834676	0.585304	0.0987705	0.807844	1.02392	0.290618	0.50838	0.729338	0.251878	0.316554	0.752101	0.618993	0.695042	0.649702	0.425915	0.761833	0.815643	0.542542	0.602536	0.757304	0.592089	0.186624	0.310676	0.841904	0.365951	0.394075	
0.409511	0.222613	0.523934	0.200875	0.462756	0.422816	0.90815	0.605566	0.753034	0.219725	0.556771	0.486164	0.616544	0.568218	0.917257	0.696121	0.634593	0.736908	0.610473	0.250834	0.100284	0.203986	0.31921	0.253395	0.229236	0.357703	0.161721	0.194987	0.442946	0.448925	0.558366	0.469434	0.421548	0.226806	0.213124	0.369009	0.61953	0.803214	0.766566	0.163379	
0.255632	0.427631	0.644827	0.570167	0.60465	0.391073	0.573173	0.472632	0.507907	0.495624	0.472153	0.226119	0.52355	0.198929	0.573078	0.333245	0.488433	0.453788	0.646832	0.285686	0.276857	0.470895	0.187839	0.18206	0.590315	0.663651	0.51869	0.559114	0.0761418	0.372911	0.419331	0.160599	0.206233	0.502049	0.550888	0.238899	0.287245	0.505418	0.44291	0.232316	
0.318489	0.412565	0.714053	0.272649	0.653003	0.270222	0.978714	0.463924	0.647169	0.0937992	0.719183	0.587696	0.459324	0.59442	0.979223	0.735519	0.495093	0.83888	0.795856	0.14887	0.237901	0.391526	0.265642	0.229464	0.351181	0.2602	0.306176	0.237718	0.481264	0.606933	0.706636	0.547907	0.533222	0.411305	0.182955	0.283344	0.581598	0.898535	0.708978	0.18279	
0.559022	0.139556	0.285992	0.443706	0.242766	0.641599	0.722353	0.786229	0.864124	0.525041	0.255989	0.30684	0.819885	0.504556	0.744474	0.585029	0.809048	0.514455	0.323464	0.468866	0.245225	0.208451	0.458969	0.398451	0.4005	0.657238	0.342271	0.461349	0.397931	0.15948	0.275625	0.341463	0.243395	0.229839	0.50751	0.524765	0.646653	0.585908	0.80154	0.344147	
0.396497	0.580746	0.731912	0.767816	0.706201	0.546769	0.378066	0.567613	0.516973	0.698796	0.480132	0.198885	0.631487	0.0472998	0.373068	0.129705	0.573003	0.30965	0.691909	0.478982	0.469579	0.635723	0.366611	0.38019	0.778751	0.866904	0.706973	0.759527	0.127817	0.416448	0.40499	0.13819	0.241803	0.665834	0.754465	0.397281	0.247505	0.341816	0.374372	0.436248	
0.695522	0.537114	0.520623	0.828974	0.525633	0.831519	0.370625	0.901559	0.877116	0.856116	0.206848	0.215115	0.958416	0.408182	0.405799	0.37699	0.912473	0.147812	0.420356	0.703804	0.563663	0.605995	0.625841	0.600825	0.796216	1.01138	0.734103	0.83944	0.401998	0.2425	0.135337	0.285547	0.253785	0.62683	0.869371	0.680041	0.608314	0.213328	0.729631	0.60525	
0.527361	0.766645	0.892149	0.955533	0.873499	0.675993	0.269475	0.646484	0.527775	0.873824	0.610553	0.356122	0.716035	0.188522	0.244018	0.0730822	0.642777	0.328878	0.831521	0.642955	0.658216	0.823458	0.524672	0.551861	0.968239	1.0414	0.896442	0.945744	0.311954	0.571169	0.529471	0.316455	0.413731	0.853247	0.936387	0.539556	0.285661	0.319902	0.335441	0.617261	
0.580925	0.277623	0.333194	0.575915	0.313119	0.68881	0.594162	0.807334	0.848969	0.632065	0.146724	0.205157	0.850801	0.434913	0.619516	0.487664	0.826124	0.380471	0.305138	0.529849	0.338024	0.346516	0.488649	0.440569	0.537733	0.776028	0.477482	0.59014	0.352812	0.0335992	0.141446	0.262993	0.159886	0.367499	0.628819	0.552956	0.60583	0.452039	0.755068	0.411664	
0.55546	0.612142	0.693006	0.850695	0.68115	0.703991	0.253255	0.732543	0.671652	0.817373	0.399693	0.181453	0.796242	0.208899	0.265339	0.147389	0.737753	0.145767	0.621601	0.616583	0.554623	0.675905	0.512882	0.512767	0.843951	0.983741	0.774145	0.849731	0.263272	0.374141	0.31808	0.186756	0.249489	0.703219	0.858255	0.551857	0.402593	0.179149	0.508111	0.550915	
0.706237	0.381164	0.320694	0.692671	0.326967	0.820502	0.569275	0.929997	0.953045	0.764819	0.0133987	0.270663	0.976811	0.509494	0.602534	0.527263	0.946984	0.345858	0.233106	0.664726	0.472384	0.448269	0.617662	0.57313	0.643418	0.904388	0.58949	0.710929	0.452393	0.102674	0.071139	0.344595	0.255764	0.463387	0.755516	0.680677	0.69735	0.413224	0.838642	0.547467	
0.134407	0.640258	0.885518	0.690382	0.841327	0.26969	0.66784	0.253364	0.264355	0.53888	0.715358	0.448212	0.317495	0.272424	0.650809	0.399247	0.260418	0.623286	0.89367	0.298989	0.44747	0.6687	0.193983	0.258107	0.739615	0.694774	0.673203	0.665778	0.254721	0.619317	0.656511	0.371679	0.446413	0.699212	0.627522	0.164444	0.144915	0.655318	0.262286	0.34823	
