10	30
154.637	91.7669
120.433	41.16
52.1157	60.8857
6.50792	103.659
8.25584	92.8958
168.385	43.0094
174.045	154.262
40.7961	90.1819
40.0599	143.527
134.616	101.923
4.7761
5.03555
20.2675
14.3176
25.7262
11.2558
10.9363
16.1899
2.87066
24.983
22.7477
26.0113
3.80351
22.4498
18.9376
15.1788
10.5838
25.6942
8.05858
10.0593
8.69323
11.9005
25.3633
24.477
11.9745
0.271673
16.5706
16.5221
25.5662
20.413
0.294055	0.487886	0.115485	0.587179	0.61868	0.407651	0.613628	0.202876	0.405992	0.73703	0.587185	0.396182	0.649617	0.34151	0.482663	0.254147	0.401841	0.461	0.673915	0.204334	0.411061	0.36249	0.172636	0.642053	0.779929	0.630631	0.107117	0.754452	0.239247	0.254732	
0.814876	0.907667	0.876758	0.279347	0.229097	0.864724	0.333752	1.03731	0.714051	0.0978983	0.624534	0.471217	0.743119	0.80473	0.600735	0.608515	0.654027	1.29388	0.971568	0.648176	0.437728	0.529071	1.00258	0.289263	0.0639783	0.867718	0.816833	0.197685	1.03167	0.662094	
0.134572	0.900726	0.334961	0.568755	0.70564	0.0340581	0.788083	0.527518	0.771798	0.761852	0.903465	0.602278	0.276157	0.7435	0.795937	0.345858	0.19202	0.665213	0.246788	0.355724	0.456544	0.614212	0.533217	0.563488	0.781147	0.208101	0.321452	0.681268	0.390052	0.589671	
0.683482	0.948776	0.784527	0.183551	0.276553	0.713367	0.424875	0.96856	0.750341	0.179218	0.712441	0.472025	0.553928	0.820886	0.659632	0.518489	0.505597	1.21089	0.78857	0.565691	0.357597	0.533611	0.94023	0.132723	0.150303	0.684514	0.725686	0.0140792	0.932712	0.650945	
0.257355	1.02305	0.433724	0.697354	0.841642	0.143014	0.928262	0.601117	0.904429	0.890107	1.04226	0.743306	0.310626	0.868592	0.934289	0.486225	0.325109	0.687376	0.155647	0.493335	0.595392	0.754192	0.616117	0.682784	0.905616	0.184677	0.434856	0.796147	0.443636	0.723339	
0.552235	0.356592	0.348946	0.809729	0.795364	0.658459	0.742437	0.200771	0.400036	0.92789	0.600465	0.55309	0.918748	0.288899	0.523075	0.507412	0.672072	0.395543	0.922479	0.45758	0.639418	0.498334	0.168103	0.877039	0.976653	0.890605	0.37044	0.979419	0.364647	0.363161	
0.467013	0.906802	0.601323	0.187265	0.364202	0.482265	0.503314	0.801819	0.717221	0.352777	0.744546	0.438363	0.329738	0.757853	0.662906	0.360114	0.281084	1.0242	0.556469	0.410418	0.253398	0.491369	0.781211	0.128625	0.353899	0.452506	0.546701	0.230374	0.737642	0.57192	
0.249018	0.620799	0.0729287	0.685004	0.744506	0.339099	0.756618	0.159251	0.559104	0.852354	0.742886	0.537732	0.628377	0.485632	0.638423	0.342472	0.414798	0.354898	0.596814	0.301255	0.512965	0.510833	0.168225	0.72584	0.890753	0.576121	0.132808	0.844707	0.0868327	0.410028	
0.240491	0.841973	0.404546	0.343808	0.494263	0.2525	0.597	0.613363	0.677118	0.53654	0.765957	0.445514	0.232853	0.682664	0.665482	0.236846	0.0532259	0.812733	0.386505	0.276584	0.264241	0.476596	0.601519	0.334069	0.553173	0.292719	0.358757	0.452304	0.523816	0.501735	
0.677996	0.102098	0.504454	0.745672	0.676108	0.794126	0.5819	0.437705	0.193001	0.813839	0.370496	0.448854	0.99651	0.100008	0.321724	0.533018	0.737578	0.655122	1.05827	0.493448	0.602988	0.387232	0.394465	0.826882	0.866422	1.00411	0.495259	0.906803	0.580705	0.283104	
