15	20
25.6063	60.4053
36.817	125.658
148.628	48.3657
114.622	28.7944
113.579	98.8674
86.6112	96.8334
167.79	32.6699
120.746	156.944
126.118	149.677
107.379	141.257
94.5042	18.8339
12.801	139.342
141.794	83.7525
33.4537	73.4525
112.281	45.2563
29.4388
22.5538
23.2546
18.8652
22.3366
20.2413
10.8774
42.2909
1.5303
26.1753
7.78071
15.4724
11.544
26.4223
29.0651
32.7198
30.1873
27.7868
1.47642
33.3507
0.717014	0.920408	0.361458	0.446298	0.576744	0.473657	0.412006	0.127665	0.340992	0.125908	0.482275	0.727671	0.895339	0.657787	0.494934	0.476961	0.405779	0.6771	0.590176	0.784983	
0.715013	0.778313	0.298751	0.27569	0.414557	0.296967	0.243535	0.120641	0.37075	0.0757557	0.319577	0.783337	0.742221	0.710496	0.318701	0.300319	0.268482	0.571498	0.487102	0.644829	
0.454523	0.579362	0.0367437	0.421692	0.316912	0.347987	0.244245	0.238836	0.21698	0.345767	0.485059	0.580788	0.575012	0.510291	0.352048	0.386045	0.134639	0.312665	0.225935	0.445741	
0.953698	0.677845	0.545851	0.111328	0.329207	0.170281	0.269666	0.498293	0.697045	0.432009	0.0855593	1.09124	0.599902	1.01985	0.177336	0.126491	0.388804	0.634744	0.582345	0.578563	
0.695199	0.717439	0.270047	0.237514	0.351937	0.240519	0.181099	0.150935	0.371978	0.137818	0.289375	0.782891	0.679979	0.709963	0.261	0.249424	0.212028	0.520036	0.4374	0.584537	
0.802285	0.489327	0.431512	0.199879	0.137875	0.0993048	0.169137	0.472766	0.605534	0.460618	0.239407	0.967811	0.418746	0.899562	0.075193	0.122428	0.260175	0.448892	0.406744	0.384405	
0.681127	0.0242449	0.586201	0.68495	0.381465	0.565345	0.545341	0.783758	0.741912	0.846158	0.731047	0.91963	0.117517	0.874538	0.542767	0.605614	0.505967	0.289116	0.357242	0.125791	
0.831105	0.648932	0.414687	0.0435665	0.269177	0.0835484	0.150175	0.365168	0.560827	0.314887	0.107063	0.958407	0.585854	0.886569	0.106808	0.0511297	0.268132	0.54672	0.482846	0.532102	
0.38363	0.512508	0.101474	0.49148	0.319866	0.400536	0.301362	0.337244	0.248579	0.446316	0.555619	0.544544	0.522798	0.478545	0.398735	0.443746	0.181737	0.223797	0.140738	0.384333	
0.618274	0.307746	0.344054	0.399122	0.0943463	0.277461	0.243499	0.498917	0.523149	0.547436	0.453075	0.816452	0.274454	0.754962	0.258316	0.322474	0.216447	0.224637	0.204891	0.178163	
0.406876	0.873645	0.299316	0.686926	0.650402	0.650147	0.550816	0.319219	0.118466	0.445697	0.742507	0.368461	0.888217	0.300096	0.660906	0.677791	0.462222	0.56978	0.498613	0.748798	
0.40604	0.699714	0.106098	0.521228	0.456281	0.467857	0.365536	0.217538	0.0792172	0.35121	0.581362	0.477622	0.70488	0.404847	0.475987	0.500202	0.269315	0.408983	0.328336	0.569726	
0.633504	0.151511	0.629087	0.797175	0.489671	0.675805	0.641513	0.846982	0.763812	0.924987	0.847252	0.87847	0.250422	0.842319	0.654773	0.718746	0.582276	0.307011	0.390773	0.227536	
0.790974	0.174186	0.585966	0.552407	0.282378	0.44225	0.454756	0.738418	0.761833	0.771772	0.588411	1.01404	0.0779476	0.959501	0.417474	0.474283	0.457974	0.368623	0.401285	0.170291	
0.72674	1.02649	0.438751	0.584044	0.700547	0.609224	0.541767	0.23857	0.357969	0.262247	0.618699	0.690355	1.00973	0.625966	0.629825	0.614209	0.519528	0.762318	0.676598	0.891247	
