15	50
66.2613	93.8204
0.913241	93.669
80.04	97.5683
43.8578	20.4086
62.8774	89.2099
20.6339	100.385
79.7774	108.129
24.2474	97.336
46.4087	117.607
8.27033	139.014
4.42078	25.9799
81.0822	110.791
45.4754	19.6991
53.6743	65.3676
21.2443	78.7212
1.12378
10.5088
3.30939
12.821
8.41656
9.04614
11.6583
1.81613
5.76846
14.5135
16.1021
8.1365
10.8177
8.70968
13.0036
11.8386
11.7005
4.29441
3.14249
4.9657
3.84106
5.54825
0.536535
1.6487
6.6396
16.2407
2.57609
8.24193
15.3297
0.0999211
7.85927
13.6463
8.38318
9.43724
6.79978
12.6146
0.0476524
11.3105
3.36077
6.56656
2.3106
14.7078
13.9519
15.4965
13.8417
2.50323
12.1849
1.62985
15.8091
14.3778
0.573831	0.264542	0.970746	0.810901	0.990843	0.196083	0.115863	0.883382	0.195907	0.88443	0.579789	0.958847	0.0947584	0.949279	0.544707	0.317339	0.157905	1.12306	0.611268	1.02148	0.71773	0.779335	0.535544	0.842725	0.839533	0.369505	0.378514	1.04687	1.00824	0.647931	1.16523	0.87704	0.667862	0.985784	0.537422	0.892495	0.757986	0.492188	0.327743	0.70193	0.808544	0.7976	0.236804	0.523287	0.844369	0.841108	0.742391	0.645383	0.717802	0.345095	
0.256963	0.555389	0.174574	0.189638	0.28342	0.701838	0.766614	0.486658	0.615049	0.509483	0.301663	0.308757	0.729795	0.24873	0.57763	0.731142	0.692915	0.481204	0.314154	0.556238	0.763923	0.646305	0.452667	0.213551	0.145994	0.47168	0.593801	0.289836	0.680175	0.444893	0.491781	0.711928	0.282978	0.538448	0.81804	0.747785	0.0707363	0.376694	0.842072	0.116779	0.101162	0.700595	0.591285	0.660462	0.090892	0.537197	0.237681	0.773908	0.253463	0.529664	
0.272573	0.128442	0.703283	0.478165	0.771689	0.37517	0.381254	0.784804	0.219288	0.795715	0.417693	0.762021	0.261888	0.729635	0.56744	0.492429	0.329877	0.943289	0.266157	0.911787	0.795903	0.78262	0.478736	0.636768	0.517036	0.289677	0.435316	0.806085	0.95739	0.293039	0.972644	0.882133	0.32325	0.879839	0.698851	0.909109	0.464214	0.157705	0.572309	0.412766	0.563618	0.821432	0.131293	0.600214	0.590107	0.776597	0.401717	0.750431	0.542636	0.0156709	
0.641195	0.481789	0.871705	0.867868	0.815603	0.266754	0.330902	0.579708	0.404392	0.569784	0.465865	0.759058	0.469181	0.782447	0.219406	0.131654	0.320127	0.875798	0.74553	0.707237	0.284771	0.393222	0.320257	0.680952	0.867145	0.356444	0.191602	0.893579	0.638653	0.857183	0.92904	0.475979	0.786659	0.672596	0.0950197	0.481652	0.749985	0.645045	0.157964	0.703	0.710639	0.391695	0.494698	0.140751	0.751068	0.50926	0.833747	0.205215	0.554361	0.59202	
0.5448	0.817039	0.138323	0.457021	0.0847663	0.910481	0.987817	0.409112	0.859098	0.43309	0.479158	0.153107	0.98297	0.114167	0.679332	0.901222	0.915432	0.225805	0.612376	0.398386	0.793094	0.638634	0.584741	0.21981	0.40007	0.687503	0.760826	0.00865456	0.559688	0.739483	0.213494	0.664245	0.579289	0.399931	0.918656	0.698319	0.368949	0.667562	1.00862	0.409224	0.251308	0.688982	0.855104	0.764202	0.223889	0.489604	0.524576	0.832562	0.35166	0.811593	
0.583053	0.527127	0.721178	0.778609	0.642745	0.386457	0.469553	0.383778	0.476584	0.372749	0.357663	0.58127	0.576795	0.613635	0.0762245	0.28026	0.431015	0.684088	0.702145	0.50949	0.159407	0.203096	0.203939	0.519904	0.76574	0.348224	0.216753	0.724322	0.446103	0.835358	0.738531	0.296201	0.731697	0.475	0.19331	0.310126	0.644238	0.62452	0.349933	0.606431	0.571643	0.215286	0.552471	0.0627702	0.61046	0.311506	0.762103	0.132234	0.405181	0.622208	
0.439891	0.496333	0.515548	0.599715	0.442305	0.456962	0.544309	0.242308	0.482026	0.243649	0.193213	0.38473	0.604679	0.41087	0.155314	0.402478	0.483895	0.510851	0.56388	0.380439	0.315053	0.224145	0.107419	0.314503	0.579133	0.303551	0.275242	0.522029	0.386427	0.709513	0.561495	0.31611	0.581524	0.344672	0.395229	0.347371	0.458066	0.51398	0.500915	0.428363	0.369155	0.273682	0.530879	0.239704	0.407052	0.207469	0.59682	0.327018	0.201486	0.563285	
0.467291	0.329552	0.73005	0.697433	0.697569	0.184358	0.271436	0.5203	0.269042	0.517608	0.311638	0.649399	0.367161	0.660371	0.165591	0.127707	0.223705	0.790537	0.571105	0.657393	0.361212	0.40072	0.191513	0.553789	0.699955	0.182453	0.017233	0.76937	0.630278	0.685229	0.839358	0.499485	0.61223	0.621465	0.255844	0.517022	0.585599	0.472281	0.236739	0.536152	0.564207	0.422253	0.350289	0.158791	0.604682	0.468404	0.660453	0.304856	0.42222	0.433801	
0.303724	0.614339	0.210091	0.112872	0.361912	0.78962	0.846827	0.605955	0.685589	0.629375	0.415908	0.403682	0.790535	0.336316	0.697206	0.832932	0.774124	0.559535	0.311025	0.664624	0.888464	0.771688	0.570138	0.328449	0.0555476	0.563556	0.699494	0.339799	0.797101	0.409195	0.558989	0.836215	0.262656	0.650056	0.934773	0.872135	0.130666	0.405539	0.943125	0.183454	0.221815	0.825994	0.64696	0.778538	0.19861	0.660199	0.191378	0.896337	0.378872	0.566782	
0.842451	0.81072	0.876716	1.00863	0.754888	0.649455	0.724666	0.430704	0.756583	0.407815	0.599902	0.685302	0.848447	0.739239	0.35337	0.523575	0.698934	0.718159	0.965303	0.49775	0.126352	0.205346	0.463519	0.673336	0.98494	0.63085	0.496882	0.839159	0.356038	1.10538	0.774993	0.184976	0.987903	0.474666	0.323443	0.159928	0.865164	0.898664	0.551069	0.83806	0.757776	0.151588	0.835272	0.328801	0.790878	0.348636	1.00665	0.195659	0.595253	0.905735	
0.178631	0.40828	0.484435	0.186504	0.605102	0.637035	0.669248	0.748438	0.497626	0.767249	0.423004	0.623431	0.572336	0.568695	0.68477	0.722396	0.604605	0.801231	0.0629025	0.846096	0.910913	0.839824	0.560515	0.510625	0.239298	0.452081	0.616595	0.60894	0.942708	0.122603	0.813939	0.926489	0.0407411	0.821969	0.885438	0.95988	0.253636	0.179188	0.822433	0.232629	0.403167	0.889849	0.430239	0.748545	0.409543	0.774493	0.103714	0.891679	0.480461	0.323894	
0.415309	0.631457	0.242297	0.444844	0.156194	0.688967	0.77018	0.234783	0.657598	0.25872	0.266423	0.113133	0.784716	0.121916	0.443554	0.669062	0.699841	0.287617	0.518289	0.302588	0.572718	0.429435	0.351118	0.0436166	0.401741	0.476211	0.529887	0.233135	0.425192	0.665505	0.322574	0.47703	0.506107	0.282802	0.684096	0.512925	0.305945	0.532731	0.775069	0.314258	0.15535	0.48291	0.670114	0.528668	0.173507	0.296948	0.481289	0.604359	0.127933	0.65091	
0.357056	0.322934	0.587904	0.57174	0.56045	0.287447	0.372559	0.421589	0.301127	0.424429	0.170171	0.516064	0.423504	0.522127	0.157171	0.268874	0.307529	0.667402	0.472706	0.559379	0.389224	0.367289	0.0738077	0.414674	0.568719	0.12963	0.127756	0.629949	0.564019	0.603359	0.71333	0.467748	0.505882	0.523898	0.360919	0.493373	0.451144	0.39236	0.378776	0.40467	0.422099	0.404761	0.355223	0.215841	0.462595	0.387573	0.543946	0.360058	0.282784	0.403409	
0.298907	0.572116	0.157525	0.279019	0.212595	0.68851	0.760033	0.39811	0.620265	0.42125	0.26465	0.225977	0.741391	0.173249	0.521931	0.701286	0.686482	0.404427	0.37977	0.466836	0.693419	0.567577	0.403426	0.12382	0.235372	0.459175	0.560878	0.240451	0.590912	0.519505	0.421322	0.628477	0.357127	0.448724	0.765667	0.664452	0.146023	0.421937	0.81192	0.170166	0.0140467	0.621969	0.60977	0.606901	0.0293407	0.45165	0.321437	0.710021	0.181723	0.563686	
0.426678	0.150801	0.801138	0.6705	0.814245	0.0981611	0.123139	0.710783	0.0581665	0.713261	0.402501	0.781146	0.138093	0.772916	0.390685	0.225737	0.054979	0.945194	0.489275	0.848563	0.590605	0.62689	0.362672	0.665906	0.691888	0.191972	0.225137	0.872154	0.845558	0.56102	0.987282	0.727062	0.542607	0.813097	0.447531	0.746369	0.599628	0.370615	0.295338	0.5437	0.636648	0.651976	0.149864	0.3885	0.67364	0.673494	0.610452	0.528307	0.540098	0.262138	
