15	20
49.626	149.905
133.727	23.1271
66.1194	113.96
58.1322	81.6382
133.742	31.8942
177.05	34.5268
44.6931	92.6191
84.7649	57.792
68.2054	18.9846
58.7512	138.941
45.2443	145.148
78.7321	12.8518
176.285	140.967
19.5032	135.784
116.332	93.4046
46.9149
20.1405
22.1649
0.506274
35.8839
15.7375
34.5274
46.478
0.236421
24.5612
6.90099
19.9885
39.6929
0.110295
14.6541
20.34
3.11476
6.08955
44.6333
21.1726
0.475607	0.181131	0.62111	0.645425	0.528167	0.527266	0.869571	0.824666	0.824664	0.111218	0.432017	0.197355	0.704598	0.186774	0.557713	0.102535	0.239179	0.896195	0.601066	0.724482	
0.738683	0.340624	0.324094	0.542093	0.726349	0.438477	0.476285	0.412315	0.406317	0.525562	0.660558	0.620172	0.279436	0.551993	0.438268	0.35931	0.343617	0.498388	0.411182	0.310722	
0.48842	0.205407	0.681792	0.699075	0.551487	0.582413	0.929611	0.883639	0.883136	0.0532529	0.454201	0.165762	0.762049	0.193426	0.573767	0.139381	0.295353	0.956097	0.659637	0.783123	
0.49513	0.15126	0.58323	0.623872	0.539332	0.503804	0.827012	0.780596	0.780147	0.148362	0.445009	0.241333	0.659419	0.216048	0.527011	0.0692873	0.216856	0.853366	0.570729	0.680102	
0.564176	0.290137	0.322842	0.441259	0.555821	0.322495	0.561262	0.519251	0.521318	0.414692	0.486751	0.472701	0.407405	0.389733	0.535133	0.267039	0.169082	0.588048	0.343571	0.420872	
0.822577	0.780282	0.172886	0.33438	0.747772	0.355532	0.214824	0.271756	0.298248	0.901936	0.741692	0.917348	0.32979	0.806927	0.90718	0.762627	0.572697	0.239582	0.233101	0.278769	
0.650855	0.351788	0.261781	0.447065	0.63194	0.339783	0.470514	0.422739	0.423326	0.504372	0.570702	0.572361	0.307255	0.490075	0.52311	0.347	0.263201	0.496207	0.323669	0.322935	
0.450996	0.536425	0.950278	0.876303	0.555732	0.781867	1.22233	1.18835	1.19155	0.319679	0.477063	0.197977	1.07707	0.301592	0.882297	0.475297	0.540149	1.25052	0.888014	1.09118	
0.720425	0.0898898	0.685516	0.800829	0.766189	0.67868	0.874426	0.808585	0.800357	0.244496	0.672023	0.41526	0.671867	0.432291	0.325182	0.16114	0.413495	0.896438	0.716526	0.707713	
0.9056	0.461158	0.392547	0.659311	0.889125	0.571095	0.431989	0.348307	0.331966	0.666505	0.826585	0.777925	0.211327	0.716762	0.413581	0.499582	0.511548	0.445986	0.515222	0.262026	
0.545307	0.112572	0.532652	0.60707	0.577577	0.485011	0.763813	0.713313	0.711523	0.212794	0.487149	0.318015	0.588803	0.282106	0.47088	0.0576577	0.212093	0.789401	0.537051	0.612077	
0.802895	0.360124	0.367629	0.602741	0.79266	0.502327	0.480718	0.40769	0.39735	0.559391	0.725558	0.667052	0.268858	0.606162	0.394042	0.392074	0.406624	0.499914	0.467486	0.309297	
0.158412	0.505333	0.572638	0.432841	0.180302	0.35466	0.860743	0.85137	0.862547	0.420996	0.0881514	0.307188	0.773548	0.195958	0.868281	0.425584	0.238517	0.89033	0.473554	0.768732	
0.408603	0.790451	0.480914	0.191162	0.302892	0.254509	0.728576	0.760907	0.78226	0.778274	0.356104	0.690391	0.747095	0.573815	1.09253	0.72564	0.466611	0.755903	0.33467	0.716461	
0.161043	0.489405	0.59402	0.464191	0.201567	0.3825	0.881476	0.869238	0.879572	0.393927	0.104947	0.274639	0.787277	0.165821	0.856695	0.408604	0.241259	0.911001	0.499779	0.784538	
