10	40
5.02108	60.9627
118.117	131.872
165.688	59.2566
66.4331	156.47
110.726	42.4675
49.0017	17.4531
113.164	109.135
1.86672	63.8825
148.804	54.9248
51.3491	145.193
20.5068
21.5266
0.692677
21.7041
8.91013
12.6226
19.3361
14.3692
14.4688
17.1521
4.99577
8.66782
18.1514
12.9757
11.3995
17.0447
6.28594
20.832
5.49857
0.855152
9.88172
5.18934
4.97442
4.18855
19.4515
1.11165
12.3756
11.3119
4.55002
8.61396
11.2049
1.34334
11.6193
7.08156
21.3322
5.28789
1.01795
7.17455
3.8863
11.2162
0.3405	0.338148	0.295298	0.24058	0.717831	0.316649	0.317424	0.34892	0.346972	0.367292	0.602814	0.850873	0.770393	0.349419	0.542005	0.253802	0.807975	0.588187	0.666482	0.575381	0.21768	0.679412	0.393696	0.742777	0.552828	0.486736	0.76523	0.681538	0.452279	0.239149	0.700674	0.110411	0.095605	0.432274	0.697222	0.650456	0.404272	0.303533	0.21544	0.640101	
0.912709	0.612001	0.667503	0.558642	0.338848	0.638435	0.300959	0.270446	0.617192	0.261489	0.447144	0.249386	0.198168	0.867154	0.431803	0.405919	0.281793	0.585679	0.226969	0.625704	0.419612	0.281088	0.232836	0.638245	0.287495	0.561158	0.614462	0.274768	0.480409	0.490481	0.477047	0.523258	0.678001	0.256304	0.117964	0.392728	0.449664	0.349185	0.404658	0.190077	
1.17486	0.742663	0.817389	0.839562	0.574595	0.925374	0.544523	0.513067	0.906828	0.535472	0.442168	0.303404	0.348618	1.14092	0.718305	0.609395	0.439586	0.871985	0.205103	0.650498	0.684246	0.526715	0.464544	0.905503	0.571574	0.624564	0.874031	0.518777	0.56276	0.769975	0.736321	0.776589	0.929377	0.427028	0.176939	0.353601	0.742599	0.626349	0.640348	0.219256	
0.159533	0.754243	0.696388	0.357775	0.86009	0.290099	0.661552	0.690878	0.325222	0.660249	1.01784	1.10161	1.00819	0.0760886	0.622517	0.653637	1.00749	0.556281	1.03417	0.997288	0.515148	0.848818	0.740514	0.699259	0.722971	0.90965	0.744131	0.85458	0.873719	0.426392	0.756899	0.443634	0.32774	0.809295	1.02191	1.05538	0.50791	0.569601	0.58561	1.00088	
0.577721	0.695356	0.694371	0.224886	0.345276	0.230806	0.366127	0.376183	0.190737	0.295344	0.771509	0.607778	0.512741	0.493236	0.11066	0.462169	0.497765	0.15585	0.664794	0.859117	0.282605	0.336879	0.41039	0.297452	0.219655	0.766695	0.316082	0.343231	0.694464	0.210623	0.264153	0.348765	0.436324	0.505732	0.594678	0.765395	0.0519415	0.239151	0.381404	0.625295	
0.0569793	0.604678	0.541164	0.320185	0.862046	0.300399	0.574256	0.605559	0.343954	0.594258	0.892778	1.06528	0.975686	0.0936367	0.637429	0.539044	0.990667	0.610121	0.94196	0.85186	0.437049	0.839822	0.654462	0.765117	0.708793	0.767749	0.803531	0.84434	0.740168	0.376908	0.787984	0.342817	0.197558	0.709681	0.951362	0.93948	0.504103	0.508504	0.48392	0.912106	
0.768952	0.339605	0.401982	0.487586	0.558265	0.588297	0.17062	0.151808	0.585932	0.23127	0.245637	0.520674	0.472367	0.753835	0.53943	0.181491	0.549596	0.673994	0.234056	0.372172	0.312751	0.500187	0.116963	0.778041	0.435531	0.295255	0.770976	0.496758	0.212768	0.421546	0.647859	0.376087	0.518483	0.0234166	0.301198	0.247956	0.479135	0.298137	0.233095	0.212364	
0.841174	0.966995	0.976393	0.516953	0.26414	0.497119	0.605324	0.603371	0.453282	0.516797	0.972519	0.579922	0.498678	0.744103	0.211773	0.722651	0.431787	0.188825	0.79892	1.09817	0.562826	0.307541	0.620574	0.0803928	0.302829	1.01063	0.0400071	0.31553	0.931846	0.504987	0.098309	0.641365	0.729181	0.711548	0.682566	0.943128	0.340437	0.49848	0.65074	0.760086	
0.867036	0.239618	0.290697	0.778483	1.02648	0.874544	0.569482	0.574143	0.893992	0.659324	0.338733	0.969189	0.935506	0.910688	0.965997	0.456141	1.01811	1.07361	0.592539	0.131297	0.638866	0.96936	0.567561	1.20405	0.890296	0.176945	1.20735	0.96642	0.258995	0.738247	1.09737	0.614923	0.665934	0.49397	0.725633	0.428295	0.865884	0.682299	0.536685	0.60172	
0.306365	0.409514	0.370219	0.172339	0.680541	0.241867	0.325557	0.357203	0.273675	0.357366	0.652797	0.839735	0.754928	0.295032	0.489259	0.290945	0.784081	0.522608	0.690799	0.641269	0.198844	0.646724	0.40535	0.679072	0.516944	0.550645	0.704286	0.649655	0.50961	0.185438	0.648531	0.0937152	0.0619597	0.458436	0.705771	0.693233	0.349014	0.280661	0.23268	0.661337	
