10	20
44.4769	95.6396
36.6643	71.9968
98.5137	103.649
137.735	50.1392
51.9114	63.6708
72.8557	108.241
23.3834	10.233
52.9137	60.4609
67.5832	32.6949
23.2907	159.153
24.973
13.5245
31.7
24.1021
13.4455
0.659323
22.5131
27.0919
1.26705
23.1282
12.0074
17.1845
23.7295
32.8381
32.5469
9.91468
25.3757
22.4741
3.25262
16.2109
0.117274	1.07235	0.755497	0.168079	0.322882	0.730926	0.688625	0.976363	0.483436	0.866195	0.114157	0.8609	0.907974	0.793389	0.725859	0.172258	0.34015	0.94513	0.434507	0.267596	
0.532536	0.793852	0.956442	0.483919	0.348338	0.625049	0.204812	0.797535	0.229484	0.219232	0.608212	0.216151	1.03932	0.879019	0.350919	0.475499	0.312153	0.299096	0.215706	0.663935	
0.684136	0.372544	0.336899	0.654776	0.567407	0.0842503	0.52614	0.236947	0.521038	0.829899	0.64002	0.842799	0.354205	0.200861	0.394826	0.686	0.614045	0.833499	0.680086	0.515044	
0.0635204	1.04206	0.794435	0.100601	0.250487	0.713686	0.613055	0.958844	0.408581	0.770658	0.15126	0.764395	0.939957	0.813073	0.666704	0.0854001	0.254942	0.852471	0.338437	0.310295	
0.744234	0.394444	0.277626	0.718984	0.643603	0.174667	0.617419	0.241904	0.607844	0.920686	0.690054	0.933764	0.267882	0.126153	0.484732	0.751731	0.692561	0.922547	0.764214	0.55244	
0.182733	0.799972	0.625165	0.142898	0.0980119	0.475078	0.421543	0.71897	0.225371	0.651188	0.197373	0.651148	0.752841	0.60997	0.44234	0.171086	0.152672	0.714937	0.266189	0.228335	
1.09033	0.313157	0.952535	1.04296	0.893657	0.574001	0.565265	0.459469	0.746185	0.685666	1.10212	0.706553	0.913395	0.8001	0.475849	1.05848	0.905247	0.614885	0.885997	1.04044	
0.445038	0.662722	0.769083	0.394212	0.238595	0.446518	0.128047	0.640549	0.0782139	0.369846	0.494224	0.374593	0.852473	0.692392	0.218919	0.399706	0.232586	0.420452	0.209449	0.513318	
0.846588	0.490852	0.208499	0.828298	0.772912	0.333448	0.775637	0.336004	0.754761	1.07946	0.7778	1.09243	0.119886	0.0967744	0.643572	0.862891	0.824957	1.08107	0.905458	0.625588	
0.262537	0.720591	0.589121	0.221614	0.126306	0.400309	0.364214	0.64252	0.186426	0.618566	0.268471	0.620943	0.70609	0.556897	0.368743	0.247558	0.180131	0.673965	0.277813	0.259751	
