10	20
10.5291	58.2459
90.5551	61.3399
138.881	29.3037
0.250669	53.9884
133.841	136.891
124.027	137.981
64.401	111.164
166.239	47.7069
179.701	50.9224
123.529	116.642
23.4352
0.822816
10.2497
17.515
20.8361
16.1367
17.3362
9.43386
24.2657
16.961
12.8503
6.77482
9.38321
20.7266
23.3188
9.00238
2.6208
2.23442
2.11273
22.0453
0.523483	0.633367	0.115249	0.696968	0.359307	0.887018	0.581155	0.488363	0.769568	0.327425	0.516181	0.684566	0.30779	0.315161	0.223016	0.49747	0.196813	0.927822	0.820063	0.731743	
0.768441	0.457729	0.331018	0.79779	0.608974	0.767625	0.276813	0.695626	0.663677	0.382465	0.676337	0.828229	0.165693	0.109013	0.175583	0.56775	0.364936	0.805458	0.681083	0.42846	
0.870528	0.397862	0.463067	0.844761	0.716559	0.717885	0.148831	0.786271	0.625877	0.446996	0.751159	0.890876	0.213835	0.157719	0.296104	0.616117	0.466486	0.752748	0.62548	0.29723	
0.00645377	0.83227	0.600888	0.419237	0.158248	0.921818	1.00885	0.123526	0.817273	0.45433	0.235978	0.326359	0.65946	0.708209	0.737368	0.413026	0.398955	0.95746	0.904403	1.13858	
0.342592	0.494236	0.527391	0.286786	0.263663	0.605587	0.727393	0.223784	0.493447	0.150235	0.15555	0.299682	0.38371	0.442923	0.578503	0.10177	0.216433	0.644017	0.575289	0.839192	
0.677063	0.334088	0.389022	0.649959	0.529549	0.626476	0.338778	0.587047	0.51721	0.245094	0.549113	0.69048	0.0121023	0.0516479	0.296537	0.419762	0.279677	0.665694	0.545402	0.468329	
0.981328	0.148417	0.808137	0.7643	0.869648	0.370169	0.392773	0.864262	0.329635	0.532775	0.779568	0.855151	0.427087	0.433751	0.683463	0.591383	0.650188	0.393678	0.276561	0.372957	
1.02308	0.423231	0.616346	0.958806	0.872492	0.733218	0.0178538	0.932821	0.66098	0.584038	0.887918	1.01689	0.358535	0.310315	0.438189	0.736483	0.621703	0.762666	0.637398	0.137929	
0.979553	0.180171	0.899779	0.703629	0.888998	0.226966	0.542024	0.856639	0.218933	0.560636	0.759243	0.805858	0.515631	0.536997	0.79633	0.568795	0.696816	0.245694	0.141256	0.522376	
0.404411	0.443843	0.586156	0.250926	0.340173	0.530167	0.720006	0.28052	0.419949	0.1672	0.187551	0.29373	0.390511	0.451693	0.617873	0.0267019	0.274869	0.5681	0.504372	0.820772	
