15	30
150.184	15.2244
141.235	105.031
131.501	74.2961
25.3785	31.076
98.6922	127.643
131.289	149.275
77.2993	90.8443
163.06	105.65
33.0001	152.037
44.0976	91.9973
66.8493	115.13
1.34883	138.54
10.1972	152.813
118.935	71.0676
74.769	125.558
37.1805
5.68491
38.036
45.9398
42.7196
20.9018
35.4925
3.88908
20.7891
27.9374
28.8314
5.3584
29.6583
6.952
37.8731
21.6555
17.1533
23.0308
6.43996
22.0365
25.1772
10.5321
13.8055
31.3326
45.2712
33.5453
44.1884
17.0339
33.4396
41.2044
0.452284	0.356977	0.676218	0.473713	0.654898	0.199521	0.204315	0.192002	0.31428	0.187337	0.372629	0.216937	0.576119	0.371388	0.348845	0.459619	0.562597	0.158483	0.349462	0.115038	0.501406	0.634385	0.321923	0.317798	0.157105	0.342506	0.495608	0.575053	0.130318	0.164985	
0.944408	0.3515	0.807867	0.663001	0.725545	0.32533	0.375687	0.424082	0.567077	0.362327	0.86215	0.294677	0.0892412	0.220519	0.851765	0.254418	0.0778015	0.659889	0.315481	0.517343	0.167765	0.517669	0.514182	0.711572	0.641555	0.725886	0.181029	0.122632	0.408974	0.502526	
0.853097	0.646524	0.440983	0.362877	0.345082	0.375266	0.569758	0.608973	0.783824	0.366677	0.777024	0.460092	0.47739	0.241924	0.808712	0.614468	0.470239	0.645231	0.204585	0.474355	0.554719	0.120005	0.753409	0.549981	0.703322	0.54994	0.56455	0.520589	0.41933	0.655265	
0.532358	0.290566	0.692848	0.492531	0.659624	0.14019	0.137994	0.141583	0.297287	0.144356	0.452311	0.136746	0.496646	0.311002	0.42892	0.383232	0.483152	0.238841	0.306312	0.154745	0.421492	0.606441	0.289519	0.37594	0.219545	0.399094	0.415997	0.494814	0.101103	0.15138	
0.795321	0.144488	0.835419	0.655357	0.773468	0.231602	0.16812	0.213886	0.348155	0.275537	0.715671	0.134304	0.259099	0.267445	0.6881	0.134598	0.246766	0.500945	0.338472	0.39749	0.15854	0.626464	0.29606	0.61765	0.453234	0.637683	0.152539	0.243707	0.294592	0.295258	
0.346111	0.445466	0.701048	0.502004	0.696652	0.312794	0.300052	0.273594	0.34169	0.294084	0.270485	0.331762	0.691949	0.482326	0.235083	0.561602	0.678457	0.0572825	0.44956	0.167912	0.611513	0.714954	0.368783	0.287645	0.0836381	0.313571	0.604689	0.689314	0.23589	0.214771	
0.0519065	0.741532	0.690872	0.533998	0.729562	0.568076	0.596395	0.569654	0.608112	0.535284	0.0309468	0.61616	0.96984	0.717764	0.0928383	0.85743	0.956282	0.244008	0.656332	0.37812	0.902482	0.845745	0.647837	0.269287	0.333665	0.280363	0.896692	0.973016	0.484114	0.50498	
0.210655	0.77528	0.913594	0.74891	0.947608	0.692116	0.653137	0.613731	0.586355	0.669558	0.242722	0.70729	1.06724	0.858739	0.181427	0.909006	1.05388	0.352612	0.814685	0.522607	0.973935	1.04127	0.640203	0.480626	0.365108	0.495873	0.965078	1.06036	0.612244	0.534687	
0.853401	0.0635853	0.990542	0.803413	0.933612	0.374305	0.215779	0.235428	0.277737	0.415199	0.779456	0.262633	0.349135	0.433547	0.734558	0.104551	0.340723	0.564186	0.501919	0.504696	0.20436	0.792536	0.21616	0.727427	0.481233	0.750112	0.189375	0.31239	0.417437	0.304656	
0.91896	0.523171	0.623827	0.514176	0.531797	0.336918	0.487213	0.533451	0.701751	0.351492	0.837915	0.379029	0.291027	0.164423	0.850507	0.46025	0.285093	0.667025	0.213219	0.498698	0.385724	0.300992	0.659797	0.63963	0.69107	0.646725	0.39758	0.336576	0.409639	0.59748	
0.387453	0.435613	0.842152	0.643581	0.838113	0.408664	0.319215	0.276665	0.263195	0.401807	0.330688	0.390671	0.742655	0.580931	0.260703	0.57018	0.729652	0.177265	0.564623	0.302598	0.639159	0.845712	0.309316	0.419307	0.0613074	0.444767	0.629449	0.730723	0.345454	0.196038	
0.519678	0.846966	0.198005	0.130417	0.256197	0.531443	0.703347	0.712087	0.849784	0.488399	0.474624	0.64004	0.876658	0.566959	0.549527	0.896723	0.86518	0.49723	0.472045	0.422305	0.886697	0.463661	0.855358	0.259277	0.61988	0.236081	0.889324	0.904642	0.486218	0.700594	
0.177307	0.619452	0.742827	0.562703	0.763767	0.489511	0.480911	0.448944	0.472591	0.464168	0.123959	0.517322	0.877199	0.652989	0.0523698	0.74262	0.863685	0.147333	0.606401	0.314514	0.796343	0.837258	0.51466	0.298627	0.202806	0.318994	0.789132	0.875006	0.407755	0.378465	
0.416194	0.731229	0.31853	0.154033	0.347472	0.429034	0.58303	0.587176	0.717517	0.384845	0.35905	0.531339	0.804943	0.49927	0.426089	0.79423	0.79257	0.360224	0.408913	0.294208	0.795783	0.491261	0.726317	0.125931	0.482818	0.105885	0.796564	0.827085	0.371539	0.569563	
0.964842	0.19412	1.12799	0.941536	1.06941	0.512401	0.346027	0.356359	0.340776	0.553342	0.894508	0.400778	0.416936	0.561755	0.84217	0.188033	0.412257	0.682833	0.635362	0.638187	0.275252	0.918394	0.284408	0.859754	0.587065	0.883021	0.260648	0.370909	0.554415	0.41339	
